3 0.4783854166666667 0.31712962962962965 0.0359375 0.07685185185185185
3 0.4778645833333333 0.812037037037037 0.10572916666666667 0.29444444444444445
3 0.42161458333333335 0.31296296296296294 0.0296875 0.06666666666666667
3 0.41770833333333335 0.20925925925925926 0.027083333333333334 0.08333333333333333
3 0.40338541666666666 0.17222222222222222 0.022395833333333334 0.046296296296296294
2 0.4630208333333333 0.2074074074074074 0.007291666666666667 0.024074074074074074
1 0.6690104166666667 0.7125 0.08489583333333334 0.1398148148148148
1 0.11770833333333333 0.4212962962962963 0.046875 0.06296296296296296
1 0.2604166666666667 0.2074074074074074 0.017708333333333333 0.027777777777777776
1 0.31536458333333334 0.1412037037037037 0.011979166666666667 0.01574074074074074
1 0.43697916666666664 0.18935185185185185 0.013541666666666667 0.023148148148148147
3 0.40384895833333334 0.12519444444444444 0.017708333333333333 0.04663888888888889
1 0.35234375 0.09907407407407408 0.0078125 0.012962962962962963
1 0.3 0.1574074074074074 0.011458333333333333 0.020370370370370372
1 0.415625 0.1050925925925926 0.009375 0.01574074074074074
1 0.36015625 0.09027777777777778 0.0067708333333333336 0.013888888888888888
2 0.422921875 0.10971296296296296 0.004078125 0.011972222222222223
2 0.4316979166666667 0.11152777777777778 0.003671875 0.009796296296296296
2 0.38926041666666666 0.11750925925925926 0.004895833333333334 0.013777777777777778
2 0.4252708333333333 0.09338888888888888 0.0030625 0.009064814814814814
2 0.4170052083333333 0.08160185185185184 0.004078125 0.006527777777777777
3 0.39986979166666664 0.09158333333333334 0.012239583333333333 0.022851851851851852
3 0.4072135416666667 0.08377777777777778 0.010609375 0.01450925925925926
3 0.3987447916666667 0.07598148148148148 0.006734375 0.013416666666666667
3 0.40558333333333335 0.06963888888888889 0.006119791666666667 0.012333333333333333