3 0.39947916666666666 0.10231481481481482 0.010416666666666666 0.025
3 0.08333333333333333 0.4439814814814815 0.15208333333333332 0.26944444444444443
3 0.48515625 0.737037037037037 0.17760416666666667 0.5259259259259259
1 0.37109375 0.08194444444444444 0.009895833333333333 0.021296296296296296
3 0.325 0.12777777777777777 0.014583333333333334 0.027777777777777776
2 0.42263020833333337 0.13395370370370369 0.006234375 0.018129629629629627
2 0.36611458333333335 0.14125000000000001 0.007083333333333333 0.023666666666666666
3 0.3969947916666667 0.08258333333333333 0.008213541666666666 0.01913888888888889
2 0.41030729166666663 0.08762037037037036 0.0048177083333333336 0.008055555555555555
2 0.4054895833333333 0.08183333333333333 0.0031145833333333334 0.007555555555555556
3 0.3972239583333333 0.0645925925925926 0.005541666666666667 0.013324074074074075
1 0.40659375 0.0685 0.0037500000000000003 0.0049259259259259265