1 0.3815104166666667 0.8055555555555556 0.24635416666666668 0.26481481481481484
1 0.6427083333333333 0.34675925925925927 0.06979166666666667 0.06759259259259259
1 0.27109375 0.3365740740740741 0.06302083333333333 0.06018518518518518
1 0.7377604166666667 0.38472222222222224 0.07552083333333333 0.11203703703703703
1 0.4940104166666667 0.37453703703703706 0.06927083333333334 0.075
1 0.0234375 0.4888888888888889 0.04583333333333333 0.03888888888888889
1 0.7078125 0.34814814814814815 0.04895833333333333 0.06666666666666667
1 0.8830729166666667 0.23425925925925925 0.0140625 0.018518518518518517
1 0.468515625 0.28382407407407406 0.04545312499999999 0.04746296296296296
1 0.56796875 0.26342592592592595 0.022395833333333334 0.026851851851851852
3 0.041666666666666664 0.4287037037037037 0.08229166666666667 0.09444444444444444
3 0.5377604166666666 0.42268518518518516 0.13177083333333334 0.15462962962962962
1 0.4911770833333333 0.26739814814814816 0.035890625000000044 0.029574074074074124