1 0.38645833333333335 0.6458333333333334 0.16770833333333332 0.2064814814814815
1 0.3260416666666667 0.32314814814814813 0.06041666666666667 0.05740740740740741
1 0.11744791666666667 0.2763888888888889 0.0234375 0.03796296296296296
1 0.3182291666666667 0.22083333333333333 0.027083333333333334 0.032407407407407406
1 0.58125 0.3189814814814815 0.065625 0.04351851851851852
1 0.4981770833333333 0.3402777777777778 0.04010416666666667 0.032407407407407406
1 0.28098958333333335 0.2722222222222222 0.0421875 0.04814814814814815
1 0.14348958333333334 0.21805555555555556 0.0265625 0.030555555555555555
1 0.29244791666666664 0.225 0.0265625 0.024074074074074074
1 0.45078125 0.39305555555555555 0.05260416666666667 0.06759259259259259
1 0.65625 0.3282407407407407 0.040625 0.03796296296296296
1 0.11380208333333333 0.2037037037037037 0.015104166666666667 0.024074074074074074
1 0.4895833333333333 0.3416666666666667 0.021875 0.027777777777777776
3 0.8026041666666667 0.3560185185185185 0.07916666666666666 0.0824074074074074
1 0.22284895833333335 0.2927037037037037 0.054125 0.08264814814814815