1 0.7182291666666667 0.9175925925925926 0.15833333333333333 0.16111111111111112
1 0.28671875 0.5990740740740741 0.07447916666666667 0.1537037037037037
1 0.38307291666666665 0.3365740740740741 0.0484375 0.0712962962962963
1 0.31640625 0.34074074074074073 0.044270833333333336 0.08703703703703704
1 0.40260416666666665 0.5694444444444444 0.08020833333333334 0.17777777777777778
1 0.46588541666666666 0.48148148148148145 0.07447916666666667 0.13333333333333333
1 0.59140625 0.38287037037037036 0.07864583333333333 0.09537037037037037
1 0.33958333333333335 0.2513888888888889 0.03333333333333333 0.04537037037037037
1 0.9598958333333333 0.5138888888888888 0.03854166666666667 0.05
1 0.41770833333333335 0.2671296296296296 0.040625 0.05092592592592592
1 0.2916666666666667 0.2708333333333333 0.03958333333333333 0.05277777777777778
1 0.020572916666666666 0.6356481481481482 0.04010416666666667 0.09351851851851851
1 0.98515625 0.4777777777777778 0.0296875 0.06851851851851852
1 0.0546875 0.6060185185185185 0.075 0.0787037037037037
1 0.296875 0.18981481481481483 0.023958333333333335 0.03888888888888889
1 0.27447916666666666 0.22037037037037038 0.027083333333333334 0.040740740740740744
2 0.3285625 0.15882407407407406 0.009083333333333362 0.031657407407407405
1 0.30807291666666664 0.13148148148148148 0.011979166666666667 0.018518518518518517
1 0.26015625 0.19027777777777777 0.021354166666666667 0.041666666666666664
1 0.2864583333333333 0.16898148148148148 0.019791666666666666 0.028703703703703703
1 0.39375 0.12361111111111112 0.013541666666666667 0.01574074074074074
1 0.26979166666666665 0.1449074074074074 0.015625 0.026851851851851852
1 0.4205729166666667 0.13148148148148148 0.015104166666666667 0.016666666666666666
3 0.237109375 0.25624074074074077 0.04349999999999999 0.08979629629629632
1 0.23333333333333334 0.19675925925925927 0.022916666666666665 0.03796296296296296
1 0.28411458333333334 0.12916666666666668 0.009895833333333333 0.01574074074074074
1 0.22421875 0.1587962962962963 0.015104166666666667 0.023148148148148147
1 0.28958333333333336 0.10324074074074074 0.008333333333333333 0.012037037037037037
1 0.47630208333333335 0.1449074074074074 0.013020833333333334 0.013888888888888888
1 0.22682291666666668 0.17592592592592593 0.019270833333333334 0.03148148148148148
1 0.9700520833333334 0.4935185185185185 0.059895833333333336 0.1
1 0.99296875 0.525 0.0140625 0.03518518518518519
2 0.8447916666666667 0.6856481481481481 0.052083333333333336 0.08796296296296297
2 0.5125 0.34629629629629627 0.021875 0.04814814814814815
2 0.11744791666666667 0.6342592592592593 0.04010416666666667 0.06666666666666667
3 0.5231770833333333 0.8810185185185185 0.18072916666666666 0.23425925925925925
3 0.7637083333333333 0.4796018518518519 0.10260416666666666 0.13333333333333333
3 0.2504375 0.3699074074074074 0.06510416666666667 0.17592592592592593
3 0.48541666666666666 0.21435185185185185 0.09583333333333334 0.13055555555555556
2 0.42590625 0.23542592592592593 0.015921874999999967 0.03559259259259262
2 0.21180208333333336 0.26535185185185184 0.012796875000000025 0.053009259259259256
1 0.25425520833333337 0.16892592592592592 0.017546875000000028 0.029611111111111126
1 0.24553125000000003 0.14625925925925926 0.017927083333333312 0.022898148148148164
1 0.26216145833333326 0.13767592592592592 0.011817708333333362 0.021592592592592587
1 0.2560833333333334 0.13270370370370368 0.010010416666666681 0.017851851851851827
1 0.2365052083333333 0.13732407407407407 0.012703124999999992 0.022259259259259277
1 0.2206822916666667 0.13343518518518518 0.009822916666666674 0.020018518518518522
2 0.21707291666666664 0.13773148148148148 0.005796874999999997 0.01756481481481484
1 0.27172395833333335 0.11345370370370371 0.010536458333333342 0.017962962962962955
1 0.2880885416666667 0.06596296296296296 0.006119791666666667 0.009861111111111116
1 0.2753385416666667 0.102 0.00873958333333332 0.015055555555555548
1 0.26764062499999997 0.09024074074074073 0.007447916666666643 0.012925925925925933
1 0.25766666666666665 0.0909537037037037 0.0072343749999999925 0.012268518518518519
1 0.25542708333333336 0.08197222222222222 0.007057291666666643 0.008796296296296297
2 0.27119270833333337 0.07563888888888888 0.00383854166666661 0.011296296296296285
1 0.26293229166666665 0.07447222222222223 0.00678124999999999 0.01034259259259258
1 0.2517604166666667 0.12551851851851853 0.008182291666666685 0.01795370370370369
1 0.24519270833333331 0.1191111111111111 0.00891145833333334 0.01412037037037037
1 0.2390989583333333 0.109 0.006739583333333362 0.014574074074074083
1 0.23496875000000006 0.10214814814814814 0.007630208333333321 0.01190740740740742
1 0.23536458333333338 0.12688888888888888 0.010328125000000021 0.015194444444444467
1 0.21621354166666673 0.1199814814814815 0.009843749999999988 0.015175925925925914
1 0.21241666666666661 0.11515740740740742 0.010848958333333355 0.01861111111111112
1 0.23059375000000001 0.12111111111111113 0.007848958333333359 0.014675925925925934
1 0.22558333333333327 0.11256481481481481 0.00894791666666664 0.01412962962962962
1 0.2280520833333333 0.1164074074074074 0.0071145833333333165 0.012842592592592596
1 0.22494791666666672 0.10438888888888888 0.008276041666666659 0.008805555555555547
1 0.23346875 0.09430555555555555 0.008890625000000025 0.010157407407407407
1 0.23261458333333326 0.08755555555555555 0.008218749999999986 0.010185185185185186
0 0.3737395833333333 0.10619444444444444 0.030807291666666715 0.03969444444444445
1 0.2568541666666667 0.06799074074074074 0.006416666666666693 0.010046296296296291
1 0.26652604166666666 0.06472222222222222 0.006942708333333325 0.010166666666666657
1 0.22294270833333332 0.09851851851851852 0.007515624999999974 0.009111111111111115
1 0.22206249999999994 0.09108333333333334 0.007781250000000029 0.009574074074074077