1 0.55234375 0.7902777777777777 0.12864583333333332 0.25462962962962965
1 0.3109375 0.43333333333333335 0.08541666666666667 0.08148148148148149
1 0.90078125 0.6217592592592592 0.07760416666666667 0.08796296296296297
1 0.5153645833333333 0.24074074074074073 0.0390625 0.04259259259259259
1 0.69453125 0.35 0.04635416666666667 0.07592592592592592
1 0.72109375 0.24305555555555555 0.03177083333333333 0.05092592592592592
1 0.32760416666666664 0.2111111111111111 0.03229166666666667 0.027777777777777776
1 0.6645833333333333 0.24953703703703703 0.0375 0.05277777777777778
1 0.7393229166666667 0.20092592592592592 0.0234375 0.040740740740740744
1 0.037760416666666664 0.513425925925926 0.04114583333333333 0.049074074074074076
1 0.7044270833333334 0.12175925925925926 0.0109375 0.017592592592592594
1 0.07135416666666666 0.49027777777777776 0.040625 0.05277777777777778
1 0.08255208333333333 0.45046296296296295 0.0390625 0.05092592592592592
1 0.038802083333333334 0.4564814814814815 0.0390625 0.05185185185185185
1 0.7765625 0.16898148148148148 0.01875 0.026851851851851852
1 0.73125 0.1425925925925926 0.01875 0.024074074074074074
1 0.7462291666666666 0.16194444444444445 0.0208125 0.02981481481481482
1 0.725 0.11805555555555555 0.0125 0.017592592592592594
1 0.7386197916666667 0.09727777777777778 0.011302083333333332 0.014703703703703705
0 0.11953125 0.41898148148148145 0.09427083333333333 0.09907407407407408
1 0.7805677083333333 0.1384351851851852 0.0140625 0.020287037037037037
1 0.7526875000000001 0.14721296296296296 0.014614583333333332 0.021175925925925928
1 0.7509114583333333 0.12549074074074074 0.014005208333333333 0.019425925925925926
1 0.7651927083333334 0.13062962962962965 0.012645833333333334 0.017203703703703704
1 0.77121875 0.11804629629629629 0.011197916666666667 0.01810185185185185
1 0.7737083333333333 0.10793518518518518 0.012078125 0.015620370370370371
1 0.7837864583333333 0.12678703703703703 0.012281249999999999 0.016824074074074075
1 0.7843697916666666 0.11594444444444445 0.013453125 0.011814814814814814
1 0.7785104166666666 0.08587962962962963 0.009947916666666667 0.014277777777777778
1 0.789734375 0.07487962962962963 0.01009375 0.016259259259259258
1 0.7642916666666667 0.10153703703703704 0.010255208333333333 0.012203703703703703
2 0.7260208333333333 0.0994074074074074 0.003510416666666667 0.013796296296296296
2 0.72940625 0.09099074074074073 0.0036822916666666666 0.012611111111111111
2 0.7306927083333333 0.0766111111111111 0.00515625 0.010555555555555556
1 0.7240677083333333 0.05856481481481481 0.006932291666666667 0.010296296296296295
1 0.7201927083333334 0.052083333333333336 0.007979166666666667 0.009712962962962963
1 0.7765208333333333 0.0700925925925926 0.009604166666666667 0.011842592592592592
2 0.12297395833333334 0.4849722222222222 0.024281249999999997 0.045064814814814814
2 0.14836458333333333 0.4743888888888889 0.025296875 0.050055555555555555
1 0.008906250000000001 0.5250740740740741 0.017817708333333335 0.050888888888888886
2 0.015880208333333333 0.4945185185185186 0.014796875 0.04204629629629629
1 0.04853645833333333 0.42838888888888893 0.037125 0.050527777777777776
1 0.06088020833333333 0.4073611111111111 0.03241666666666667 0.04064814814814815
0 0.023 0.3586111111111111 0.046 0.10197222222222221
1 0.011000000000000001 0.4401851851851852 0.019734375000000002 0.04396296296296296