1 0.28177083333333336 0.9175925925925926 0.15833333333333333 0.16111111111111112
1 0.71328125 0.5990740740740741 0.07447916666666667 0.1537037037037037
1 0.6169270833333333 0.3365740740740741 0.0484375 0.0712962962962963
1 0.68359375 0.34074074074074073 0.044270833333333336 0.08703703703703704
1 0.5973958333333333 0.5694444444444444 0.08020833333333334 0.17777777777777778
1 0.5341145833333333 0.48148148148148145 0.07447916666666667 0.13333333333333333
1 0.40859375 0.38287037037037036 0.07864583333333333 0.09537037037037037
1 0.6604166666666667 0.2513888888888889 0.03333333333333333 0.04537037037037037
1 0.04010416666666667 0.5138888888888888 0.03854166666666667 0.05
1 0.5822916666666667 0.2671296296296296 0.040625 0.05092592592592592
1 0.7083333333333334 0.2708333333333333 0.03958333333333333 0.05277777777777778
1 0.9794270833333333 0.6356481481481482 0.04010416666666667 0.09351851851851851
1 0.01484375 0.4777777777777778 0.0296875 0.06851851851851852
1 0.9453125 0.6060185185185185 0.075 0.0787037037037037
1 0.703125 0.18981481481481483 0.023958333333333335 0.03888888888888889
1 0.7255208333333333 0.22037037037037038 0.027083333333333334 0.040740740740740744
2 0.6714375 0.15882407407407406 0.009083333333333334 0.031657407407407405
1 0.6919270833333333 0.13148148148148148 0.011979166666666667 0.018518518518518517
1 0.73984375 0.19027777777777777 0.021354166666666667 0.041666666666666664
1 0.7135416666666666 0.16898148148148148 0.019791666666666666 0.028703703703703703
1 0.60625 0.12361111111111112 0.013541666666666667 0.01574074074074074
1 0.7302083333333333 0.1449074074074074 0.015625 0.026851851851851852
1 0.5794270833333334 0.13148148148148148 0.015104166666666667 0.016666666666666666
3 0.762890625 0.25624074074074077 0.0435 0.0897962962962963
1 0.7666666666666667 0.19675925925925927 0.022916666666666665 0.03796296296296296
1 0.7158854166666667 0.12916666666666668 0.009895833333333333 0.01574074074074074
1 0.77578125 0.1587962962962963 0.015104166666666667 0.023148148148148147
1 0.7104166666666667 0.10324074074074074 0.008333333333333333 0.012037037037037037
1 0.5236979166666667 0.1449074074074074 0.013020833333333334 0.013888888888888888
1 0.7731770833333333 0.17592592592592593 0.019270833333333334 0.03148148148148148
1 0.029947916666666668 0.4935185185185185 0.059895833333333336 0.1
1 0.00703125 0.525 0.0140625 0.03518518518518519
2 0.15520833333333334 0.6856481481481481 0.052083333333333336 0.08796296296296297
2 0.4875 0.34629629629629627 0.021875 0.04814814814814815
2 0.8825520833333333 0.6342592592592593 0.04010416666666667 0.06666666666666667
3 0.47682291666666665 0.8810185185185185 0.18072916666666666 0.23425925925925925
3 0.23629166666666668 0.4796018518518519 0.10260416666666666 0.13333333333333333
3 0.7495625 0.3699074074074074 0.06510416666666667 0.17592592592592593
3 0.5145833333333333 0.21435185185185185 0.09583333333333334 0.13055555555555556
2 0.57409375 0.23542592592592593 0.015921875 0.03559259259259259
2 0.7881979166666666 0.26535185185185184 0.012796875000000001 0.053009259259259256
1 0.7457447916666666 0.16892592592592592 0.017546875 0.029611111111111112
1 0.7544687499999999 0.14625925925925926 0.017927083333333333 0.02289814814814815
1 0.7378385416666667 0.13767592592592592 0.011817708333333335 0.021592592592592594
1 0.7439166666666667 0.13270370370370368 0.010010416666666666 0.01785185185185185
1 0.7634947916666667 0.13732407407407407 0.012703125000000001 0.02225925925925926
1 0.7793177083333334 0.13343518518518518 0.009822916666666666 0.02001851851851852
2 0.7829270833333334 0.13773148148148148 0.005796875000000001 0.017564814814814814
1 0.7282760416666666 0.11345370370370371 0.010536458333333333 0.017962962962962962
1 0.7119114583333332 0.06596296296296296 0.006119791666666667 0.009861111111111112
1 0.7246614583333333 0.102 0.008739583333333334 0.015055555555555556
1 0.732359375 0.09024074074074073 0.007447916666666667 0.012925925925925928
1 0.7423333333333333 0.0909537037037037 0.007234375 0.012268518518518519
1 0.7445729166666666 0.08197222222222222 0.0070572916666666674 0.008796296296296297
2 0.7288072916666667 0.07563888888888888 0.0038385416666666668 0.011296296296296296
1 0.7370677083333333 0.07447222222222223 0.00678125 0.010342592592592592
1 0.7482395833333333 0.12551851851851853 0.008182291666666668 0.017953703703703704
1 0.7548072916666667 0.1191111111111111 0.008911458333333334 0.01412037037037037
1 0.7609010416666667 0.109 0.006739583333333333 0.014574074074074074
1 0.7650312499999999 0.10214814814814814 0.0076302083333333335 0.011907407407407406
1 0.7646354166666666 0.12688888888888888 0.010328124999999999 0.015194444444444444
1 0.7837864583333333 0.1199814814814815 0.00984375 0.015175925925925926
1 0.7875833333333334 0.11515740740740742 0.010848958333333332 0.018611111111111113
1 0.76940625 0.12111111111111113 0.007848958333333333 0.014675925925925926
1 0.7744166666666668 0.11256481481481481 0.008947916666666667 0.01412962962962963
1 0.7719479166666667 0.1164074074074074 0.007114583333333333 0.012842592592592591
1 0.7750520833333333 0.10438888888888888 0.008276041666666668 0.008805555555555556
1 0.76653125 0.09430555555555555 0.008890625000000001 0.010157407407407408
1 0.7673854166666667 0.08755555555555555 0.00821875 0.010185185185185186
0 0.6262604166666667 0.10619444444444444 0.030807291666666667 0.03969444444444444
1 0.7431458333333333 0.06799074074074074 0.006416666666666667 0.010046296296296296
1 0.7334739583333333 0.06472222222222222 0.006942708333333334 0.010166666666666668
1 0.7770572916666667 0.09851851851851852 0.007515625 0.009111111111111111
1 0.7779375000000001 0.09108333333333334 0.00778125 0.009574074074074073