1 0.7315104166666667 0.5416666666666666 0.06614583333333333 0.1388888888888889
1 0.5424479166666667 0.5009259259259259 0.0765625 0.12222222222222222
1 0.75859375 0.29583333333333334 0.0390625 0.0712962962962963
1 0.49140625 0.26296296296296295 0.0421875 0.044444444444444446
1 0.7075520833333333 0.2935185185185185 0.0359375 0.06296296296296296
1 0.37864583333333335 0.4152777777777778 0.08333333333333333 0.10833333333333334
1 0.9036458333333334 0.6143518518518518 0.08645833333333333 0.10277777777777777
1 0.2484375 0.9726851851851852 0.10416666666666667 0.05092592592592592
1 0.61015625 0.35833333333333334 0.05364583333333333 0.07592592592592592
1 0.6614583333333334 0.25416666666666665 0.034375 0.05092592592592592
1 0.017447916666666667 0.43842592592592594 0.034895833333333334 0.05277777777777778
1 0.7697916666666667 0.22268518518518518 0.029166666666666667 0.05092592592592592
1 0.05807291666666667 0.5199074074074074 0.04114583333333333 0.06018518518518518
1 0.54921875 0.23981481481481481 0.04010416666666667 0.05925925925925926
1 0.61875 0.18703703703703703 0.027083333333333334 0.03148148148148148
1 0.9783854166666667 0.6398148148148148 0.0421875 0.08888888888888889
1 0.9854166666666667 0.562962962962963 0.028125 0.08148148148148149
1 0.6989583333333333 0.19305555555555556 0.023958333333333335 0.032407407407407406
1 0.07760416666666667 0.47824074074074074 0.04479166666666667 0.062037037037037036
1 0.7354166666666667 0.1925925925925926 0.020833333333333332 0.03888888888888889
1 0.6080729166666666 0.5981481481481481 0.08385416666666666 0.15555555555555556
1 0.9473958333333333 0.1648148148148148 0.017708333333333333 0.020370370370370372
1 0.7752604166666667 0.16898148148148148 0.019270833333333334 0.03796296296296296
1 0.6760416666666667 0.16203703703703703 0.017708333333333333 0.027777777777777776
1 0.6385416666666667 0.14907407407407408 0.01875 0.02962962962962963
1 0.7494791666666667 0.1574074074074074 0.017708333333333333 0.02962962962962963
1 0.6572916666666667 0.15185185185185185 0.015625 0.025925925925925925
1 0.72421875 0.15185185185185185 0.0171875 0.025925925925925925
1 0.7276041666666667 0.11527777777777778 0.011458333333333333 0.01574074074074074
1 0.7622395833333333 0.13472222222222222 0.013020833333333334 0.023148148148148147
1 0.7272864583333334 0.0965 0.008453125 0.012935185185185185
1 0.734375 0.07962962962962963 0.00625 0.011111111111111112
3 0.582296875 0.17224074074074075 0.04010416666666667 0.06018518518518518
2 0.6956614583333334 0.14287037037037037 0.007885416666666667 0.023657407407407408
3 0.6653333333333333 0.1253425925925926 0.032979166666666664 0.0483425925925926
1 0.6895260416666668 0.13368518518518518 0.014666666666666666 0.024009259259259258
1 0.7116979166666667 0.13389814814814816 0.012375 0.01998148148148148
1 0.7084114583333334 0.1191574074074074 0.010822916666666666 0.018129629629629627
3 0.7154010416666666 0.09069444444444445 0.013270833333333334 0.02537962962962963
1 0.7312604166666666 0.10976851851851852 0.007880208333333335 0.012722222222222222
2 0.7283802083333334 0.09990740740740742 0.003625 0.009935185185185186
1 0.738359375 0.10087962962962964 0.009546875 0.011000000000000001
1 0.7441822916666666 0.06818518518518518 0.006651041666666666 0.012462962962962964
1 0.7281041666666667 0.07025925925925926 0.007583333333333333 0.014833333333333334
3 0.7139427083333333 0.05185185185185185 0.00784375 0.013666666666666667
1 0.72346875 0.060675925925925925 0.007838541666666667 0.013481481481481481
1 0.7342916666666667 0.0620462962962963 0.007421875 0.014453703703703703
1 0.7341770833333333 0.1455648148148148 0.010703125 0.021916666666666668
1 0.7411354166666667 0.13353703703703704 0.011583333333333333 0.021935185185185186
2 0.7506145833333334 0.13435185185185183 0.007479166666666666 0.01911111111111111
1 0.7498697916666667 0.12264814814814816 0.007994791666666666 0.014416666666666666
1 0.7581562500000001 0.11110185185185184 0.009526041666666667 0.012712962962962964
1 0.760453125 0.10567592592592592 0.008598958333333333 0.011675925925925925
1 0.76425 0.10100925925925926 0.007671875 0.01125
1 0.77171875 0.11092592592592593 0.013078125 0.015935185185185188
1 0.7659791666666667 0.09355555555555556 0.006619791666666667 0.011509259259259259
1 0.7679479166666667 0.1250740740740741 0.010057291666666666 0.01838888888888889
1 0.7749843750000001 0.10172222222222223 0.008578124999999999 0.011787037037037037
1 0.7764583333333334 0.09497222222222222 0.008015625 0.008092592592592592
1 0.7776614583333333 0.14425925925925928 0.014432291666666668 0.020203703703703703
1 0.7690677083333333 0.08689814814814814 0.007776041666666666 0.012444444444444444
1 0.7837552083333333 0.13391666666666666 0.012083333333333333 0.015564814814814814
1 0.785578125 0.12001851851851852 0.010208333333333335 0.014518518518518517
1 0.7786041666666667 0.08793518518518519 0.007796875 0.010953703703703703
1 0.7888072916666666 0.1037037037037037 0.009651041666666667 0.014861111111111111
1 0.7865572916666667 0.10945370370370369 0.00815625 0.010314814814814815
1 0.7887239583333333 0.09207407407407407 0.007984375 0.012101851851851851
1 0.7792239583333332 0.07834259259259259 0.007036458333333333 0.007814814814814814
1 0.7841510416666666 0.0700925925925926 0.008364583333333333 0.012703703703703705