1 0.20755208333333333 0.6055555555555555 0.11197916666666667 0.12407407407407407
1 0.36354166666666665 0.836574074074074 0.15625 0.3138888888888889
1 0.5143229166666666 0.5388888888888889 0.0859375 0.13333333333333333
1 0.6322916666666667 0.31203703703703706 0.04583333333333333 0.06481481481481481
1 0.42083333333333334 0.4546296296296296 0.07916666666666666 0.08333333333333333
1 0.70625 0.2722222222222222 0.036458333333333336 0.053703703703703705
1 0.56875 0.22916666666666666 0.035416666666666666 0.03981481481481482
1 0.6947916666666667 0.20601851851851852 0.026041666666666668 0.03796296296296296
1 0.56640625 0.2652777777777778 0.04114583333333333 0.04537037037037037
1 0.08958333333333333 0.4532407407407407 0.04375 0.062037037037037036
1 0.7291666666666666 0.20046296296296295 0.026041666666666668 0.05092592592592592
1 0.63203125 0.20324074074074075 0.027604166666666666 0.041666666666666664
1 0.5994791666666667 0.17175925925925925 0.022916666666666665 0.028703703703703703
1 0.771875 0.17175925925925925 0.017708333333333333 0.028703703703703703
1 0.67421875 0.15462962962962962 0.0171875 0.02962962962962963
1 0.7770833333333333 0.14629629629629629 0.014583333333333334 0.025925925925925925
1 0.7434895833333334 0.1287037037037037 0.0109375 0.018518518518518517
1 0.054947916666666666 0.4310185185185185 0.03177083333333333 0.04351851851851852
1 0.60546875 0.18888888888888888 0.027604166666666666 0.03518518518518519
1 0.7567708333333333 0.11157407407407408 0.010416666666666666 0.01574074074074074
1 0.6861979166666666 0.13796296296296295 0.019270833333333334 0.02962962962962963
1 0.76875 0.08148148148148149 0.00625 0.012962962962962963
1 0.054427083333333334 0.4587962962962963 0.04010416666666667 0.07314814814814814
1 0.025520833333333333 0.41203703703703703 0.03125 0.03333333333333333
1 0.7596354166666667 0.13703703703703704 0.013020833333333334 0.020370370370370372
1 0.7662552083333334 0.12455555555555556 0.010994791666666667 0.020805555555555553
1 0.7692708333333333 0.11481481481481481 0.010416666666666666 0.016666666666666666
2 0.7438125 0.1587962962962963 0.00625 0.019444444444444445
1 0.696875 0.12638888888888888 0.0125 0.021296296296296296
1 0.779 0.0888425925925926 0.008760416666666666 0.011657407407407408
1 0.7792708333333334 0.07968518518518519 0.007666666666666667 0.008592592592592593
1 0.76953125 0.2175925925925926 0.04114583333333333 0.044444444444444446
1 0.0078125 0.5180555555555556 0.015625 0.05648148148148148
3 0.4739583333333333 0.2412037037037037 0.08541666666666667 0.11018518518518519
3 0.76796875 0.24444444444444444 0.044270833333333336 0.0962962962962963
3 0.6471354166666666 0.1287037037037037 0.028645833333333332 0.05
0 0.024479166666666666 0.4675925925925926 0.04895833333333333 0.10740740740740741
3 0.6455729166666667 0.8925925925925926 0.16614583333333333 0.2111111111111111
1 0.7085 0.13294444444444445 0.01284375 0.02262962962962963
3 0.6810208333333333 0.11997222222222222 0.0289375 0.03784259259259259
1 0.715765625 0.12403703703703704 0.010229166666666668 0.016037037037037037
1 0.7248958333333333 0.11613888888888889 0.00984375 0.01801851851851852
1 0.7193854166666667 0.10474074074074075 0.009348958333333332 0.015796296296296294
1 0.7336875 0.10434259259259258 0.0100625 0.015935185185185188
3 0.7160624999999999 0.08932407407407407 0.012703125000000001 0.024259259259259258
1 0.7293333333333333 0.08875925925925926 0.007671875 0.013787037037037037
1 0.7391354166666667 0.09153703703703704 0.007270833333333334 0.012787037037037038
1 0.788375 0.07725925925925926 0.008390625 0.015111111111111112
1 0.77740625 0.07124074074074074 0.008557291666666666 0.01149074074074074
1 0.7441510416666667 0.078 0.008359375 0.009101851851851852
1 0.7278697916666667 0.0657037037037037 0.00790625 0.012583333333333334
1 0.7377187500000001 0.06535185185185186 0.007072916666666667 0.009074074074074075
1 0.7393072916666666 0.056685185185185186 0.008140625 0.009509259259259259
1 0.7205052083333333 0.053648148148148146 0.007385416666666667 0.01374074074074074
3 0.7847239583333334 0.12017592592592592 0.014770833333333334 0.03450925925925926