1 0.3606770833333333 0.3148148148148148 0.04739583333333333 0.06481481481481481
1 0.42552083333333335 0.2625 0.042708333333333334 0.05277777777777778
1 0.09140625 0.7685185185185185 0.07760416666666667 0.10185185185185185
1 0.903125 0.46435185185185185 0.03958333333333333 0.04722222222222222
1 0.56796875 0.44027777777777777 0.08177083333333333 0.09166666666666666
1 0.5859375 0.31342592592592594 0.035416666666666666 0.05648148148148148
1 0.7098958333333333 0.3351851851851852 0.01875 0.03518518518518519
1 0.9669270833333333 0.5060185185185185 0.044270833333333336 0.062037037037037036
1 0.3098958333333333 0.2263888888888889 0.036458333333333336 0.049074074074074076
1 0.9596354166666666 0.4652777777777778 0.03697916666666667 0.041666666666666664
1 0.12213541666666666 0.7074074074074074 0.0265625 0.07037037037037037
1 0.68828125 0.28379629629629627 0.0171875 0.030555555555555555
1 0.7171875 0.2902777777777778 0.022916666666666665 0.028703703703703703
1 0.2955729166666667 0.13518518518518519 0.015104166666666667 0.024074074074074074
1 0.2734375 0.16064814814814815 0.01875 0.028703703703703703
1 0.6921875 0.2611111111111111 0.021875 0.022222222222222223
1 0.3268229166666667 0.15 0.0296875 0.04259259259259259
2 0.9348958333333334 0.4925925925925926 0.016666666666666666 0.046296296296296294
1 0.24791666666666667 0.15555555555555556 0.021875 0.02962962962962963
1 0.33307291666666666 0.14675925925925926 0.016145833333333335 0.025
1 0.278125 0.11898148148148148 0.009375 0.012037037037037037
1 0.9901041666666667 0.5296296296296297 0.019791666666666666 0.046296296296296294
0 0.8877604166666667 0.4185185185185185 0.09010416666666667 0.09814814814814815
1 0.2682395833333333 0.10842592592592593 0.010906250000000029 0.015361111111111114
1 0.28989062499999996 0.10680555555555556 0.009500000000000005 0.012981481481481491
1 0.2672395833333333 0.08602777777777777 0.008062500000000009 0.01146296296296296
1 0.2611666666666667 0.10016666666666667 0.008578125000000015 0.012175925925925932
1 0.2581666666666667 0.09358333333333332 0.00877083333333335 0.011925925925925921
1 0.25484375 0.07940740740740741 0.008151041666666655 0.010287037037037023
1 0.26409374999999996 0.0796388888888889 0.008302083333333361 0.011166666666666668
1 0.28046354166666665 0.05499074074074074 0.00631770833333339 0.009666666666666665
1 0.21774999999999997 0.13393518518518518 0.012104166666666671 0.015990740740740726
1 0.23510937500000004 0.12851851851851853 0.012265624999999976 0.014212962962962985
1 0.23756770833333338 0.11552777777777777 0.009276041666666639 0.011898148148148142
1 0.22803124999999996 0.11397222222222222 0.00994270833333335 0.013101851851851844
1 0.2146666666666667 0.12268518518518519 0.011244791666666682 0.012444444444444442
1 0.23718750000000005 0.10550925925925926 0.010765624999999978 0.012537037037037029
1 0.23099479166666667 0.09267592592592593 0.013802083333333333 0.011870370370370364
1 0.22908854166666662 0.07790740740740741 0.009765625 0.010712962962962957
1 0.21841145833333328 0.06582407407407408 0.009322916666666655 0.009370370370370374
1 0.26352604166666665 0.05609259259259259 0.007979166666666664 0.010148148148148156
1 0.28256770833333333 0.098 0.009645833333333324 0.014175925925925929
1 0.28985416666666663 0.04362962962962963 0.006802083333333305 0.009694444444444443