1 0.42734375 0.5532407407407407 0.08072916666666667 0.09907407407407408
1 0.7588541666666667 0.5527777777777778 0.1 0.12222222222222222
1 0.2015625 0.3921296296296296 0.034375 0.058333333333333334
1 0.953125 0.8208333333333333 0.09270833333333334 0.1712962962962963
1 0.90625 0.9004629629629629 0.14791666666666667 0.19537037037037036
1 0.3171875 0.36712962962962964 0.03958333333333333 0.05462962962962963
1 0.48932291666666666 0.45185185185185184 0.07239583333333334 0.09074074074074075
1 0.4046875 0.32037037037037036 0.03958333333333333 0.05
1 0.35260416666666666 0.31574074074074077 0.0375 0.05
1 0.5294270833333333 0.37777777777777777 0.04635416666666667 0.05555555555555555
1 0.21901041666666668 0.2791666666666667 0.021354166666666667 0.03796296296296296
1 0.18307291666666667 0.31157407407407406 0.024479166666666666 0.04537037037037037
1 0.7598958333333333 0.44212962962962965 0.0375 0.05277777777777778
1 0.3684895833333333 0.29074074074074074 0.028645833333333332 0.037037037037037035
1 0.24401041666666667 0.26064814814814813 0.0203125 0.026851851851851852
1 0.30130208333333336 0.2671296296296296 0.022395833333333334 0.03611111111111111
3 0.4019479166666667 0.2791666666666667 0.039468750000000004 0.03796296296296296
1 0.33151041666666664 0.2601851851851852 0.025520833333333333 0.03333333333333333
1 0.6622395833333333 0.350462962962963 0.028645833333333332 0.025
1 0.27317708333333335 0.2375 0.018229166666666668 0.026851851851851852
1 0.32473958333333336 0.23472222222222222 0.019270833333333334 0.025
1 0.25078125 0.22037037037037038 0.015104166666666667 0.020370370370370372
1 0.66015625 0.41435185185185186 0.03697916666666667 0.03796296296296296
1 0.2869791666666667 0.22685185185185186 0.016666666666666666 0.027777777777777776
1 0.26328125 0.19907407407407407 0.011979166666666667 0.018518518518518517
1 0.7317708333333334 0.44722222222222224 0.034375 0.04814814814814815
1 0.19244791666666666 0.23472222222222222 0.0109375 0.021296296296296296
1 0.68515625 0.41435185185185186 0.034895833333333334 0.04537037037037037
1 0.18463541666666666 0.2013888888888889 0.009895833333333333 0.021296296296296296
1 0.3419270833333333 0.2064814814814815 0.016145833333333335 0.018518518518518517
3 0.30625 0.45787037037037037 0.058333333333333334 0.11018518518518519
3 0.5109375 0.4 0.06770833333333333 0.09074074074074075
1 0.80403125 0.485962962962963 0.037328125000000004 0.06030555555555555
1 0.7119791666666667 0.45275000000000004 0.03389583333333333 0.051425925925925924
1 0.7193489583333333 0.4149907407407407 0.03575520833333334 0.032231481481481486
1 0.6778125 0.3830925925925926 0.040067708333333334 0.04951851851851852
3 0.17349479166666668 0.24707407407407406 0.027255208333333333 0.05288888888888889
1 0.20372916666666668 0.24504629629629626 0.015890625000000002 0.03308333333333333
1 0.21134895833333334 0.22267592592592594 0.014020833333333335 0.025296296296296296
1 0.204828125 0.21225 0.0110625 0.023472222222222224
1 0.20022916666666665 0.2010833333333333 0.009203125000000001 0.017425925925925925
1 0.16802604166666668 0.20374074074074072 0.010203125 0.018944444444444444
1 0.17097395833333331 0.1842777777777778 0.007848958333333333 0.010981481481481481
3 0.18341145833333333 0.1794537037037037 0.010713541666666666 0.022000000000000002
1 0.19633854166666667 0.1968425925925926 0.009677083333333333 0.015462962962962963
1 0.19429166666666667 0.18828703703703703 0.005880208333333333 0.009231481481481483
1 0.17521875 0.17811111111111114 0.006864583333333333 0.011694444444444445
1 0.23336979166666666 0.20718518518518517 0.014036458333333333 0.020388888888888887
1 0.22209895833333335 0.1975277777777778 0.009833333333333333 0.01738888888888889
1 0.21546875 0.18981481481481483 0.007583333333333333 0.012277777777777778
1 0.240984375 0.19687962962962963 0.010317708333333333 0.01337037037037037
1 0.25488020833333336 0.19364814814814812 0.011828125 0.01724074074074074
1 0.24532812499999998 0.1910925925925926 0.008609375 0.013203703703703704
1 0.19551041666666666 0.17650925925925925 0.008088541666666666 0.008287037037037037
1 0.20254166666666668 0.16183333333333333 0.005364583333333334 0.00876851851851852
1 0.19786979166666668 0.16645370370370371 0.005791666666666666 0.00798148148148148
1 0.195375 0.17070370370370372 0.006744791666666666 0.006722222222222222
1 0.23386458333333332 0.17974074074074076 0.009072916666666668 0.010212962962962962
1 0.233265625 0.19255555555555556 0.008374999999999999 0.011064814814814814
1 0.23934375000000002 0.1854259259259259 0.008078125 0.011407407407407408
1 0.210671875 0.1817962962962963 0.007005208333333333 0.009462962962962963
1 0.21285416666666668 0.18646296296296297 0.0066458333333333335 0.0095
1 0.21332812499999998 0.16715740740740742 0.006817708333333334 0.008194444444444443
1 0.22134375 0.17049074074074075 0.006208333333333333 0.008018518518518519
1 0.19260416666666666 0.16096296296296297 0.004130208333333333 0.006277777777777778
1 0.187953125 0.1587222222222222 0.004765625 0.006481481481481481
1 0.18274479166666666 0.1663425925925926 0.006119791666666667 0.006574074074074073
1 0.178 0.17050925925925928 0.00759375 0.006259259259259259
1 0.22188541666666667 0.16309259259259257 0.005213541666666667 0.0060648148148148145
1 0.22880729166666666 0.17457407407407408 0.0073124999999999996 0.00924074074074074
1 0.22888020833333333 0.1663611111111111 0.006463541666666667 0.007166666666666667
1 0.19828125 0.15644444444444444 0.005098958333333333 0.006685185185185185
1 0.20686458333333332 0.15487037037037035 0.005619791666666666 0.006759259259259259