1 0.4895833333333333 0.4726851851851852 0.08333333333333333 0.09537037037037037
1 0.6088541666666667 0.3023148148148148 0.041666666666666664 0.06018518518518518
1 0.8307291666666666 0.2023148148148148 0.010416666666666666 0.01574074074074074
1 0.8171875 0.18888888888888888 0.008333333333333333 0.012962962962962963
1 0.75234375 0.18564814814814815 0.011979166666666667 0.025
1 0.73165625 0.20340740740740743 0.017177083333333343 0.02550925925925927
1 0.8044479166666666 0.18062037037037038 0.007927083333333229 0.012888888888888903
1 0.8131354166666667 0.17404629629629628 0.007270833333333352 0.009425925925925933
1 0.8023854166666666 0.17078703703703701 0.007322916666666638 0.009370370370370374
1 0.8068281250000001 0.1616388888888889 0.007890625000000047 0.010462962962962974
1 0.7932812499999999 0.13424074074074074 0.005901041666666629 0.009305555555555567
1 0.801609375 0.14875 0.005604166666666781 0.007962962962962984
1 0.7837760416666666 0.16537037037037036 0.011822916666666572 0.01792592592592594
1 0.766625 0.1887037037037037 0.010505208333333372 0.012888888888888903