3 0.784375 0.4199074074074074 0.04583333333333333 0.0787037037037037
0 0.48125 0.10555555555555556 0.058333333333333334 0.03333333333333333
1 0.5510416666666667 0.612037037037037 0.04479166666666667 0.06111111111111111
1 0.5736979166666667 0.5236111111111111 0.0390625 0.05092592592592592
1 0.8455729166666667 0.39675925925925926 0.027604166666666666 0.041666666666666664
1 0.9348958333333334 0.29398148148148145 0.020833333333333332 0.026851851851851852
1 0.6544270833333333 0.38425925925925924 0.030729166666666665 0.03333333333333333
1 0.2265625 0.4444444444444444 0.019791666666666666 0.02962962962962963
1 0.02109375 0.9037037037037037 0.0421875 0.07222222222222222
1 0.5028645833333333 0.487962962962963 0.025520833333333333 0.03333333333333333
1 0.8213541666666667 0.3106481481481482 0.023958333333333335 0.028703703703703703
1 0.9734375 0.23148148148148148 0.01875 0.022222222222222223
1 0.9848958333333333 0.07268518518518519 0.022916666666666665 0.013888888888888888
1 0.27057291666666666 0.1986111111111111 0.018229166666666668 0.01574074074074074
1 0.30104166666666665 0.14814814814814814 0.021875 0.012962962962962963
1 0.9890625 0.2162037037037037 0.020833333333333332 0.017592592592592594
2 0.38177083333333334 0.7597222222222222 0.021875 0.05277777777777778
2 0.788828125 0.27482407407407405 0.011104166666666667 0.027018518518518518
1 0.3809895833333333 0.1770462962962963 0.021812500000000002 0.019722222222222224
3 0.38221354166666666 0.12406481481481482 0.039890625 0.027962962962962964
3 0.5961510416666667 0.09653703703703705 0.018114583333333333 0.02537037037037037
3 0.9216145833333333 0.06951851851851852 0.026682291666666667 0.02999074074074074
3 0.13725520833333332 0.6567777777777778 0.05344270833333333 0.09753703703703705
3 0.22910416666666666 0.16186111111111112 0.04095833333333333 0.023314814814814816
1 0.3349895833333333 0.14282407407407408 0.02009375 0.02227777777777778