0 0.47942708333333334 0.42916666666666664 0.09635416666666667 0.11018518518518519
1 0.31276041666666665 0.4337962962962963 0.0390625 0.06388888888888888
1 0.6260416666666667 0.37916666666666665 0.040625 0.03425925925925926
1 0.8729166666666667 0.2967592592592593 0.030208333333333334 0.028703703703703703
1 0.8234375 0.30648148148148147 0.027083333333333334 0.03333333333333333
1 0.7119791666666667 0.5634259259259259 0.058333333333333334 0.06388888888888888
1 0.7192708333333333 0.29907407407407405 0.025 0.027777777777777776
1 0.88046875 0.23425925925925925 0.013020833333333334 0.020370370370370372
2 0.7703125 0.3013888888888889 0.0125 0.021296296296296296
1 0.7588541666666667 0.4486111111111111 0.04791666666666667 0.05462962962962963
1 0.9481770833333333 0.2564814814814815 0.022395833333333334 0.027777777777777776
3 0.4315364583333333 0.11275 0.057520833333333334 0.043398148148148144
1 0.07569791666666667 0.8131759259259259 0.038552083333333334 0.050722222222222224