1 0.47552083333333334 0.7083333333333334 0.057291666666666664 0.08703703703703704
3 0.315625 0.29953703703703705 0.03854166666666667 0.04722222222222222
3 0.5395833333333333 0.44305555555555554 0.08125 0.09166666666666666
0 0.887671875 0.7183703703703704 0.08992708333333325 0.1206666666666666
3 0.5645833333333333 0.31666666666666665 0.03229166666666667 0.03333333333333333
3 0.6846354166666667 0.25277777777777777 0.018229166666666668 0.03888888888888889
1 0.21614583333333334 0.4615740740740741 0.030208333333333334 0.04537037037037037
2 0.28035937499999997 0.3237037037037037 0.007239583333333381 0.033638888888888926
3 0.2513020833333333 0.28564814814814815 0.0328125 0.05462962962962963
3 0.16223958333333333 0.36666666666666664 0.030729166666666665 0.046296296296296294
3 0.4395833333333333 0.38333333333333336 0.05 0.053703703703703705
1 0.19427083333333334 0.2490740740740741 0.023958333333333335 0.025925925925925925
1 0.09661458333333334 0.32175925925925924 0.0234375 0.030555555555555555
1 0.22057291666666667 0.36018518518518516 0.027604166666666666 0.040740740740740744
1 0.5317708333333333 0.625 0.04895833333333333 0.06666666666666667
1 0.016666666666666666 0.25277777777777777 0.019791666666666666 0.024074074074074074
1 0.13645833333333332 0.29953703703703705 0.022916666666666665 0.028703703703703703
1 0.60625 0.5888888888888889 0.03229166666666667 0.03148148148148148
3 0.9856770833333334 0.8245370370370371 0.028645833333333332 0.08055555555555556
1 0.06848958333333334 0.29398148148148145 0.0203125 0.025
1 0.17864583333333334 0.35462962962962963 0.026041666666666668 0.037037037037037035
1 0.49609375 0.4587962962962963 0.04010416666666667 0.03796296296296296
1 0.38645833333333335 0.38564814814814813 0.03333333333333333 0.030555555555555555
1 0.7036458333333333 0.25046296296296294 0.016666666666666666 0.021296296296296296
1 0.17786458333333333 0.3087962962962963 0.024479166666666666 0.028703703703703703
1 0.4434895833333333 0.26851851851851855 0.024479166666666666 0.027777777777777776
1 0.3171875 0.3384259259259259 0.026041666666666668 0.032407407407407406
1 0.12786458333333334 0.22453703703703703 0.019270833333333334 0.021296296296296296
1 0.39375 0.4203703703703704 0.03333333333333333 0.03518518518518519
1 0.15963541666666667 0.26435185185185184 0.0234375 0.023148148148148147
1 0.29765625 0.3476851851851852 0.027604166666666666 0.030555555555555555
1 0.06145833333333333 0.26157407407407407 0.021875 0.025
1 0.04973958333333333 0.24212962962962964 0.019270833333333334 0.023148148148148147
1 0.49895833333333334 0.48935185185185187 0.03229166666666667 0.041666666666666664
1 0.37838541666666664 0.35694444444444445 0.0296875 0.028703703703703703
3 0.16865104166666664 0.24630555555555556 0.024578125000000027 0.017990740740740696
1 0.15625 0.2222222222222222 0.021875 0.025925925925925925
1 0.09192708333333334 0.22407407407407406 0.0140625 0.022222222222222223
3 0.26953125 0.27361111111111114 0.0140625 0.026851851851851852
1 0.07630208333333334 0.20972222222222223 0.0140625 0.017592592592592594
1 0.046875 0.2 0.015625 0.016666666666666666
1 0.22604166666666667 0.29768518518518516 0.022916666666666665 0.026851851851851852
1 0.9890625 0.9013888888888889 0.021875 0.049074074074074076
2 0.5614583333333333 0.5273148148148148 0.01875 0.03981481481481482
1 0.487328125 0.11012962962962963 0.020322916666666656 0.015870370370370358