1 0.6940104166666666 0.44722222222222224 0.03802083333333333 0.06111111111111111
1 0.44114583333333335 0.725 0.05625 0.09074074074074075
1 0.48151041666666666 0.4287037037037037 0.0359375 0.03333333333333333
1 0.6010416666666667 0.5847222222222223 0.04791666666666667 0.04537037037037037
1 0.9627604166666667 0.5671296296296297 0.044270833333333336 0.041666666666666664
1 0.5713541666666667 0.6708333333333333 0.058333333333333334 0.07314814814814814
1 0.21953125 0.2898148148148148 0.0296875 0.03148148148148148
1 0.12109375 0.3050925925925926 0.030729166666666665 0.049074074074074076
1 0.7348958333333333 0.6013888888888889 0.052083333333333336 0.11018518518518519
1 0.3963541666666667 0.41435185185185186 0.03854166666666667 0.032407407407407406
1 0.5052083333333334 0.4925925925925926 0.026041666666666668 0.02962962962962963
1 0.17109375 0.3819444444444444 0.033854166666666664 0.04537037037037037
1 0.42202604166666663 0.262037037037037 0.024697916666666705 0.020370370370370372
1 0.57109375 0.7342592592592593 0.0640625 0.07962962962962963
1 0.0203125 0.2412037037037037 0.021875 0.021296296296296296
1 0.06640625 0.300462962962963 0.0328125 0.030555555555555555
1 0.19505208333333332 0.36574074074074076 0.03697916666666667 0.046296296296296294
1 0.6713541666666667 0.31342592592592594 0.027083333333333334 0.03611111111111111
1 0.9455729166666667 0.8361111111111111 0.04114583333333333 0.04814814814814815
1 0.7604166666666666 0.24675925925925926 0.03333333333333333 0.032407407407407406
1 0.3143229166666667 0.5958333333333333 0.033854166666666664 0.049074074074074076
1 0.11328125 0.35725 0.038015625000000004 0.05031481481481485
1 0.11067708333333333 0.23472222222222222 0.021354166666666667 0.023148148148148147
1 0.26927083333333335 0.4425925925925926 0.03125 0.046296296296296294
1 0.5546875 0.12037037037037036 0.029166666666666667 0.018518518518518517
3 0.39381249999999995 0.3480648148148148 0.07392187500000004 0.06419444444444448
1 0.49014583333333334 0.29576851851851854 0.029692708333333328 0.019009259259259233
3 0.15372395833333338 0.22669444444444445 0.03195833333333334 0.052157407407407395
1 0.1116302083333333 0.21183333333333335 0.019791666666666666 0.020120370370370386
1 0.07778124999999995 0.21414814814814814 0.01978125000000001 0.020120370370370386