1 0.4471354166666667 0.7856481481481481 0.10885416666666667 0.1638888888888889
1 0.853125 0.624537037037037 0.058333333333333334 0.14351851851851852
1 0.6880208333333333 0.4324074074074074 0.040625 0.06481481481481481
1 0.8700520833333333 0.42453703703703705 0.0328125 0.06574074074074074
1 0.5911458333333334 0.5824074074074074 0.06979166666666667 0.12407407407407407
1 0.3697916666666667 0.5328703703703703 0.07708333333333334 0.07685185185185185
1 0.48203125 0.3888888888888889 0.04635416666666667 0.05185185185185185
1 0.79609375 0.49444444444444446 0.04635416666666667 0.09814814814814815
1 0.828125 0.3958333333333333 0.028125 0.049074074074074076
1 0.5953125 0.4634259259259259 0.057291666666666664 0.09166666666666666
1 0.734375 0.45925925925925926 0.04583333333333333 0.09074074074074075
1 0.18046875 0.32037037037037036 0.04114583333333333 0.037037037037037035
1 0.5598958333333334 0.27685185185185185 0.026041666666666668 0.037037037037037035
1 0.74609375 0.35648148148148145 0.027604166666666666 0.04259259259259259
1 0.6385416666666667 0.3074074074074074 0.028125 0.037037037037037035
1 0.7135416666666666 0.32731481481481484 0.028125 0.03611111111111111
1 0.61328125 0.2884259259259259 0.0265625 0.03981481481481482
1 0.7830729166666667 0.32592592592592595 0.022395833333333334 0.03518518518518519
1 0.31953125 0.4166666666666667 0.05260416666666667 0.05185185185185185
1 0.6588541666666666 0.2601851851851852 0.020833333333333332 0.02962962962962963
1 0.7598958333333333 0.29814814814814816 0.021875 0.04259259259259259
1 0.6890625 0.24861111111111112 0.016666666666666666 0.023148148148148147
1 0.6572916666666667 0.1884259259259259 0.013541666666666667 0.028703703703703703
1 0.725 0.2912037037037037 0.019791666666666666 0.028703703703703703
1 0.8549479166666667 0.2662037037037037 0.016145833333333335 0.028703703703703703
1 0.7669270833333334 0.2675925925925926 0.0171875 0.03333333333333333
1 0.5171875 0.1763888888888889 0.0125 0.017592592592592594
1 0.6432291666666666 0.21851851851851853 0.0125 0.018518518518518517
1 0.53515625 0.17222222222222222 0.0109375 0.016666666666666666
1 0.8229166666666666 0.24351851851851852 0.014583333333333334 0.022222222222222223
1 0.8270833333333333 0.2671296296296296 0.015625 0.025
1 0.19583333333333333 0.3375 0.042708333333333334 0.032407407407407406
1 0.7065104166666667 0.2324074074074074 0.015104166666666667 0.022222222222222223
1 0.7479166666666667 0.24953703703703703 0.015625 0.023148148148148147
1 0.7700520833333333 0.2222222222222222 0.013020833333333334 0.020370370370370372
1 0.6966145833333334 0.18888888888888888 0.009895833333333333 0.018518518518518517
1 0.7955729166666666 0.2916666666666667 0.019270833333333334 0.03333333333333333
1 0.828125 0.2111111111111111 0.010416666666666666 0.018518518518518517
1 0.9466145833333334 0.32222222222222224 0.015104166666666667 0.020370370370370372
1 0.709375 0.2152777777777778 0.011458333333333333 0.017592592592592594
1 0.8453125 0.24722222222222223 0.014583333333333334 0.016666666666666666
3 0.678125 0.8467592592592592 0.11666666666666667 0.23055555555555557
3 0.14883333333333332 0.5471388888888888 0.0984375 0.11388888888888889
3 0.25390625 0.29907407407407405 0.0421875 0.046296296296296294
3 0.35607812499999997 0.41557407407407404 0.08971354166666666 0.10277777777777777
3 0.5958333333333333 0.25462962962962965 0.019791666666666666 0.02962962962962963
1 0.7493854166666666 0.22831481481481483 0.013760416666666667 0.01952777777777778
3 0.7988593749999999 0.2498055555555556 0.016401041666666664 0.027648148148148147
1 0.7997708333333333 0.23298148148148148 0.015072916666666667 0.02201851851851852
1 0.79875 0.27249074074074076 0.020385416666666666 0.031296296296296294
1 0.8116197916666666 0.22654629629629627 0.013895833333333333 0.022851851851851852
1 0.7952447916666666 0.22350925925925924 0.013375 0.021138888888888888
3 0.7825833333333333 0.19714814814814813 0.016421875 0.028805555555555556
3 0.7937916666666667 0.18651851851851853 0.015020833333333334 0.028092592592592593
1 0.7642656250000001 0.20039814814814816 0.01025 0.020981481481481483
3 0.7489739583333334 0.19399074074074074 0.012244791666666668 0.024981481481481483
1 0.7504791666666667 0.213 0.011046875000000001 0.015046296296296295
2 0.7025572916666667 0.2084537037037037 0.005567708333333333 0.016555555555555556
1 0.7153645833333333 0.20162962962962963 0.011567708333333334 0.01721296296296296
1 0.7120416666666666 0.1797777777777778 0.009473958333333334 0.015231481481481481
1 0.7450677083333334 0.17122222222222222 0.008635416666666666 0.013694444444444443
2 0.7563385416666667 0.17697222222222223 0.005953125 0.013351851851851853
1 0.6995520833333334 0.17541666666666667 0.010416666666666666 0.01337037037037037
3 0.6812968749999999 0.17003703703703701 0.015583333333333334 0.03684259259259259
1 0.7976770833333333 0.21197222222222223 0.014203125 0.014055555555555556
1 0.812421875 0.2066574074074074 0.01365625 0.020675925925925924
1 0.8042239583333333 0.1861851851851852 0.010197916666666666 0.014648148148148148
0 0.859453125 0.19699999999999998 0.018661458333333332 0.03815740740740741
0 0.881375 0.19926851851851854 0.023296874999999998 0.04708333333333333
1 0.8965208333333333 0.24836111111111112 0.012734375 0.01902777777777778
3 0.898828125 0.27058333333333334 0.017354166666666667 0.03226851851851852
1 0.9158854166666667 0.2851666666666667 0.014182291666666668 0.026351851851851852
3 0.9292447916666667 0.29697222222222225 0.020609375 0.03289814814814815
3 0.9122083333333334 0.2612962962962963 0.014776041666666666 0.023925925925925927
1 0.8718125000000001 0.21978703703703703 0.011302083333333332 0.021824074074074076
1 0.9454791666666666 0.2969814814814815 0.015786458333333333 0.023648148148148147
3 0.84946875 0.1897685185185185 0.015973958333333333 0.028583333333333336
1 0.8323645833333334 0.19014814814814815 0.008635416666666666 0.015194444444444444
1 0.8380364583333333 0.18238888888888888 0.009833333333333333 0.015287037037037038
1 0.8247395833333333 0.18160185185185185 0.010380208333333333 0.014194444444444445
1 0.6972552083333333 0.1615462962962963 0.0081875 0.010129629629629629
3 0.6730052083333333 0.2099814814814815 0.016463541666666668 0.02210185185185185
3 0.6662447916666667 0.23795370370370372 0.022119791666666666 0.04337037037037037
2 0.6350572916666667 0.25628703703703704 0.008333333333333333 0.025972222222222223
1 0.5589270833333334 0.1677685185185185 0.013598958333333333 0.01275
1 0.46210416666666665 0.20024074074074072 0.020395833333333332 0.029296296296296296