1 0.04609375 0.7736111111111111 0.0921875 0.125
1 0.825 0.8194444444444444 0.07916666666666666 0.1648148148148148
1 0.6052083333333333 0.7412037037037037 0.08541666666666667 0.1398148148148148
1 0.7294270833333333 0.475462962962963 0.043229166666666666 0.06944444444444445
1 0.5041666666666667 0.5731481481481482 0.075 0.10555555555555556
1 0.7502604166666667 0.5773148148148148 0.0578125 0.08981481481481482
1 0.80078125 0.45185185185185184 0.033854166666666664 0.07037037037037037
1 0.5776041666666667 0.31712962962962965 0.030208333333333334 0.03425925925925926
1 0.8684895833333334 0.4166666666666667 0.0359375 0.07777777777777778
1 0.46796875 0.3347222222222222 0.0359375 0.03981481481481482
1 0.5979166666666667 0.5675925925925925 0.08229166666666667 0.14629629629629629
1 0.6455729166666667 0.2689814814814815 0.019270833333333334 0.026851851851851852
1 0.8502604166666666 0.35509259259259257 0.0265625 0.05277777777777778
1 0.6161458333333333 0.24259259259259258 0.016666666666666666 0.020370370370370372
1 0.8671875 0.30972222222222223 0.019791666666666666 0.03981481481481482
1 0.7911458333333333 0.38657407407407407 0.030208333333333334 0.062037037037037036
1 0.7580729166666667 0.27361111111111114 0.0171875 0.028703703703703703
1 0.7760416666666666 0.36342592592592593 0.029166666666666667 0.05648148148148148
1 0.6580729166666667 0.22685185185185186 0.0140625 0.020370370370370372
1 0.8276041666666667 0.25787037037037036 0.015625 0.019444444444444445
1 0.7416666666666667 0.26435185185185184 0.016666666666666666 0.025
1 0.86015625 0.27824074074074073 0.018229166666666668 0.028703703703703703
1 0.7127604166666667 0.18611111111111112 0.0078125 0.014814814814814815
1 0.7541666666666667 0.24212962962962964 0.0125 0.01574074074074074
1 0.6403645833333333 0.2212962962962963 0.011979166666666667 0.016666666666666666
1 0.8057291666666667 0.24444444444444444 0.014583333333333334 0.02962962962962963
1 0.6950520833333333 0.2023148148148148 0.009895833333333333 0.01574074074074074
2 0.871875 0.5472222222222223 0.016666666666666666 0.06111111111111111
2 0.18958333333333333 0.49074074074074076 0.025 0.046296296296296294
3 0.36041666666666666 0.4425925925925926 0.075 0.11851851851851852
3 0.28828125 0.25833333333333336 0.0453125 0.06111111111111111
3 0.7880208333333333 0.29583333333333334 0.0375 0.0787037037037037
1 0.44140104166666666 0.20399074074074075 0.019859375000000002 0.032101851851851854
2 0.45774479166666665 0.21122222222222223 0.008296875 0.02907407407407407
1 0.532453125 0.17524074074074072 0.012651041666666666 0.018314814814814815
3 0.854375 0.2487962962962963 0.020640625000000003 0.04175
1 0.8446770833333334 0.2465462962962963 0.012718750000000001 0.023074074074074077
1 0.8371197916666666 0.2293148148148148 0.015062500000000001 0.022296296296296293
1 0.8255833333333332 0.21562962962962962 0.0149375 0.01976851851851852
1 0.8117239583333333 0.22144444444444444 0.013156250000000001 0.017203703703703704
1 0.8009687499999999 0.22521296296296295 0.014098958333333333 0.019425925925925926
2 0.7650312499999999 0.23321296296296296 0.009067708333333334 0.02477777777777778
1 0.7495625 0.2164814814814815 0.013052083333333332 0.02412962962962963
2 0.75925 0.2163611111111111 0.005984375 0.019462962962962963
2 0.7085104166666666 0.21973148148148147 0.0072656249999999995 0.02353703703703704
1 0.7482708333333333 0.19957407407407407 0.013458333333333333 0.017796296296296296
2 0.7576510416666667 0.19469444444444445 0.00528125 0.017805555555555557
1 0.7862447916666666 0.21283333333333335 0.013578125 0.018601851851851852
3 0.7710364583333333 0.2165462962962963 0.014593749999999999 0.033120370370370376
1 0.7989375 0.20083333333333334 0.011036458333333334 0.01677777777777778
1 0.8148645833333333 0.2036111111111111 0.011963541666666666 0.01612037037037037
1 0.6751822916666667 0.20374074074074072 0.012942708333333334 0.027018518518518518
1 0.6489114583333334 0.20912037037037037 0.012786458333333334 0.018277777777777775
1 0.656625 0.19823148148148148 0.009760416666666666 0.016898148148148148
1 0.6634635416666667 0.18824074074074076 0.010958333333333332 0.017305555555555557
0 0.6811927083333333 0.18125925925925926 0.015130208333333334 0.035277777777777776
1 0.6704427083333333 0.17620370370370372 0.008953125000000001 0.014527777777777777
1 0.6984010416666667 0.18185185185185185 0.011989583333333333 0.019601851851851853
1 0.7150677083333333 0.18068518518518517 0.008911458333333334 0.013731481481481482
1 0.7151979166666667 0.16979629629629628 0.010166666666666666 0.011472222222222222
1 0.7030729166666667 0.1716574074074074 0.008869791666666666 0.01785185185185185
3 0.6767604166666668 0.15826851851851853 0.013609375 0.021212962962962965
1 0.764359375 0.19197222222222224 0.012713541666666666 0.01590740740740741
1 0.7781979166666667 0.18737962962962965 0.013453125 0.020916666666666667
3 0.8045885416666666 0.1796851851851852 0.015354166666666667 0.02946296296296296
3 0.7597239583333334 0.17221296296296298 0.015911458333333333 0.034027777777777775