1 0.11432291666666666 0.9472222222222222 0.1015625 0.10185185185185185
1 0.04583333333333333 0.825 0.090625 0.1388888888888889
1 0.5950520833333334 0.31342592592592594 0.030729166666666665 0.06944444444444445
1 0.5447916666666667 0.33240740740740743 0.03333333333333333 0.05
1 0.17526041666666667 0.5569444444444445 0.0734375 0.08796296296296297
1 0.058333333333333334 0.7152777777777778 0.09583333333333334 0.11574074074074074
1 0.23359375 0.44166666666666665 0.0515625 0.05555555555555555
1 0.31796875 0.38287037037037036 0.0453125 0.05277777777777778
1 0.55078125 0.23194444444444445 0.021354166666666667 0.032407407407407406
1 0.30833333333333335 0.45694444444444443 0.053125 0.06388888888888888
1 0.10833333333333334 0.5805555555555556 0.06041666666666667 0.07962962962962963
1 0.65859375 0.18981481481481483 0.0140625 0.025925925925925925
1 0.4244791666666667 0.3106481481481482 0.040625 0.05277777777777778
1 0.253125 0.46944444444444444 0.0625 0.06666666666666667
2 0.36471875 0.35903703703703704 0.021500000000000002 0.04756481481481481
1 0.36328125 0.3416666666666667 0.04010416666666667 0.046296296296296294
1 0.4674479166666667 0.26342592592592595 0.028645833333333332 0.03425925925925926
1 0.40546875 0.29305555555555557 0.0328125 0.03981481481481482
1 0.6596354166666667 0.14074074074074075 0.0109375 0.022222222222222223
1 0.6356770833333333 0.16898148148148148 0.013020833333333334 0.021296296296296296
1 0.59765625 0.15462962962962962 0.013020833333333334 0.014814814814814815
1 0.62421875 0.13657407407407407 0.0109375 0.021296296296296296
1 0.5135416666666667 0.2064814814814815 0.017708333333333333 0.024074074074074074
1 0.6484375 0.125 0.011458333333333333 0.014814814814814815
1 0.4354166666666667 0.25416666666666665 0.023958333333333335 0.04351851851851852
2 0.6238072916666667 0.12074074074074075 0.004427083333333333 0.017425925925925925
1 0.6330729166666667 0.11064814814814815 0.0078125 0.012037037037037037
1 0.32890625 0.30787037037037035 0.03177083333333333 0.03425925925925926
1 0.621875 0.18888888888888888 0.028125 0.037037037037037035
1 0.5338541666666666 0.18101851851851852 0.014583333333333334 0.028703703703703703
1 0.5502604166666667 0.16342592592592592 0.0109375 0.023148148148148147
1 0.41328125 0.25601851851851853 0.021354166666666667 0.030555555555555555
1 0.647484375 0.07315740740740741 0.008869791666666666 0.01138888888888889
1 0.6575520833333334 0.07222222222222222 0.0067708333333333336 0.012962962962962963
1 0.61171875 0.12361111111111112 0.009895833333333333 0.01574074074074074
2 0.0859375 0.7023148148148148 0.041666666666666664 0.07685185185185185
3 0.5473958333333333 0.45092592592592595 0.05625 0.11851851851851852
3 0.6213541666666667 0.2111111111111111 0.03125 0.08148148148148149
3 0.050755208333333336 0.578462962962963 0.101515625 0.1671111111111111
1 0.39734375 0.2483425925925926 0.030932291666666667 0.030898148148148147
2 0.5871614583333333 0.2005185185185185 0.0071875 0.024037037037037037
3 0.4838020833333333 0.2101851851851852 0.02558854166666667 0.03652777777777778
1 0.4629114583333333 0.23721296296296296 0.02606770833333333 0.02501851851851852
1 0.46052604166666666 0.2121111111111111 0.022072916666666668 0.02672222222222222
1 0.5062395833333333 0.19061111111111112 0.01975 0.024694444444444446
1 0.5248177083333333 0.1713703703703704 0.0161875 0.02447222222222222
1 0.4983541666666667 0.17644444444444446 0.018578125 0.019592592592592592
1 0.6181614583333332 0.11249074074074074 0.011213541666666667 0.013768518518518518
2 0.65740625 0.11899074074074073 0.006119791666666667 0.01551851851851852
1 0.6654270833333332 0.10847222222222223 0.011776041666666666 0.013768518518518518
1 0.561375 0.15326851851851853 0.015088541666666667 0.018222222222222223
1 0.5721979166666666 0.1396388888888889 0.014145833333333333 0.018277777777777775
1 0.5794791666666667 0.12702777777777777 0.013802083333333333 0.020342592592592593
1 0.64334375 0.08468518518518518 0.009171875 0.01677777777777778
1 0.6352656250000001 0.07082407407407407 0.008374999999999999 0.012351851851851852
1 0.61690625 0.07386111111111111 0.007786458333333333 0.009592592592592592
1 0.5546041666666667 0.12955555555555553 0.017807291666666666 0.02140740740740741