1 0.37786458333333334 0.737037037037037 0.10364583333333334 0.2074074074074074
1 0.43463541666666666 0.23148148148148148 0.022395833333333334 0.02962962962962963
1 0.15911458333333334 0.5574074074074075 0.03177083333333333 0.05
1 0.6481770833333333 0.12222222222222222 0.0109375 0.018518518518518517
1 0.51796875 0.1574074074074074 0.027604166666666666 0.03333333333333333
1 0.6440104166666667 0.09074074074074075 0.0109375 0.018518518518518517
3 0.4044270833333333 0.4625 0.11822916666666666 0.20462962962962963
0 0.631546875 0.4207592592592593 0.07395833333333333 0.2814814814814815
3 0.5817708333333333 0.16712962962962963 0.025 0.04722222222222222
3 0.5346354166666667 0.24537037037037038 0.0421875 0.07777777777777778
1 0.26575 0.4946018518518518 0.037807291666666666 0.051055555555555555