1 0.9486979166666667 0.8050925925925926 0.1015625 0.1527777777777778
1 0.8986979166666667 0.43194444444444446 0.09427083333333333 0.08611111111111111
1 0.7921875 0.5592592592592592 0.10729166666666666 0.10555555555555556
1 0.27838541666666666 0.3574074074074074 0.04114583333333333 0.05925925925925926
1 0.49322916666666666 0.3509259259259259 0.058333333333333334 0.06111111111111111
1 0.3966145833333333 0.34305555555555556 0.0453125 0.049074074074074076
1 0.3572916666666667 0.4875 0.071875 0.09907407407407408
1 0.58359375 0.30324074074074076 0.05572916666666667 0.05277777777777778
1 0.21276041666666667 0.24768518518518517 0.022395833333333334 0.03796296296296296
1 0.9841145833333333 0.525 0.028645833333333332 0.053703703703703705
1 0.7158854166666667 0.34953703703703703 0.07239583333333334 0.07314814814814814
1 0.45729166666666665 0.2449074074074074 0.03854166666666667 0.03611111111111111
1 0.3111979166666667 0.2569444444444444 0.03177083333333333 0.049074074074074076
1 0.490625 0.23333333333333334 0.03854166666666667 0.037037037037037035
1 0.24114583333333334 0.18194444444444444 0.014583333333333334 0.025
1 0.16901041666666666 0.1935185185185185 0.011979166666666667 0.022222222222222223
1 0.6697916666666667 0.30324074074074076 0.065625 0.07314814814814814
1 0.30859375 0.22037037037037038 0.024479166666666666 0.02962962962962963
1 0.37526041666666665 0.20185185185185187 0.024479166666666666 0.027777777777777776
1 0.230984375 0.16240740740740742 0.013421875 0.020074074074074074
1 0.56953125 0.25925925925925924 0.0484375 0.044444444444444446
1 0.5643229166666667 0.2064814814814815 0.034895833333333334 0.03148148148148148
2 0.16624479166666667 0.1676574074074074 0.006234375 0.01859259259259259
1 0.17578125 0.16296296296296298 0.008854166666666666 0.020370370370370372
3 0.46391145833333336 0.18576851851851853 0.05841145833333334 0.06913888888888889
1 0.48385416666666664 0.16435185185185186 0.03333333333333333 0.032407407407407406
1 0.19348958333333333 0.1699074074074074 0.0109375 0.025
1 0.573921875 0.17359259259259258 0.046697916666666665 0.06168518518518519
1 0.28515625 0.1439814814814815 0.015104166666666667 0.025
1 0.3385416666666667 0.18009259259259258 0.017708333333333333 0.025
1 0.41640625 0.20324074074074075 0.024479166666666666 0.03796296296296296
1 0.539984375 0.23148148148148148 0.03413541666666667 0.040740740740740744
2 0.58984375 0.9208333333333333 0.06822916666666666 0.11944444444444445
2 0.53046875 0.2671296296296296 0.016145833333333335 0.03611111111111111
2 0.17005208333333333 0.24074074074074073 0.0067708333333333336 0.027777777777777776
3 0.8041666666666667 0.3365740740740741 0.075 0.0824074074074074
3 0.24348958333333334 0.25601851851851853 0.03697916666666667 0.0787037037037037
3 0.20963541666666666 0.19722222222222222 0.025520833333333333 0.05185185185185185
1 0.6528958333333333 0.26990740740740743 0.06388541666666667 0.05961111111111111
2 0.18818229166666667 0.19369444444444445 0.007239583333333333 0.023148148148148147
3 0.16996874999999997 0.15028703703703705 0.013682291666666667 0.024435185185185185
2 0.1845520833333333 0.15996296296296295 0.006109375 0.020037037037037037
1 0.1990625 0.15566666666666668 0.010067708333333333 0.018351851851851852
2 0.20418229166666665 0.17273148148148149 0.0064375 0.012814814814814815
2 0.25178645833333335 0.17094444444444445 0.006546875 0.016898148148148148
1 0.24751041666666668 0.1531574074074074 0.010307291666666666 0.01852777777777778
1 0.22050520833333334 0.14600000000000002 0.00953125 0.016259259259259258
1 0.2298333333333333 0.14875925925925926 0.0085 0.010824074074074073
2 0.230828125 0.14055555555555557 0.004635416666666667 0.011935185185185186
1 0.233515625 0.13443518518518519 0.008781249999999999 0.01500925925925926
1 0.245703125 0.13995370370370372 0.008223958333333333 0.012907407407407407
1 0.21418229166666666 0.1397037037037037 0.010880208333333334 0.016833333333333332
1 0.19480729166666666 0.1406851851851852 0.0076875 0.01437037037037037
2 0.20485416666666667 0.14094444444444446 0.004708333333333333 0.014351851851851852
1 0.22786979166666665 0.1277222222222222 0.008567708333333333 0.01525
1 0.20439583333333333 0.1307777777777778 0.009015625 0.014805555555555556
1 0.21028125 0.12728703703703703 0.007864583333333333 0.012759259259259258
1 0.19571875 0.12916666666666668 0.009822916666666666 0.014324074074074074
1 0.23904687500000002 0.1277222222222222 0.007838541666666667 0.012527777777777777
1 0.240125 0.11875 0.007223958333333333 0.01099074074074074
1 0.24860416666666665 0.12162037037037036 0.007260416666666667 0.012907407407407407
1 0.38905208333333335 0.18176851851851852 0.027713541666666668 0.040101851851851854