3 0.80625 0.18472222222222223 0.019791666666666666 0.04722222222222222
2 0.6752604166666667 0.35462962962962963 0.0140625 0.03888888888888889
2 0.88828125 0.3138888888888889 0.008854166666666666 0.03518518518518519
2 0.6981770833333333 0.29768518518518516 0.0109375 0.03981481481481482
2 0.40260416666666665 0.8171296296296297 0.06145833333333333 0.11018518518518519
2 0.7174479166666666 0.3074074074074074 0.0109375 0.03148148148148148
1 0.10260416666666666 0.7472222222222222 0.15729166666666666 0.15925925925925927
1 0.45546875 0.9231481481481482 0.18177083333333333 0.15185185185185185
1 0.11953125 0.4583333333333333 0.0859375 0.08888888888888889
1 0.809375 0.49027777777777776 0.058333333333333334 0.09351851851851851
1 0.37421875 0.5018518518518519 0.09010416666666667 0.09444444444444444
1 0.5263020833333333 0.5972222222222222 0.10885416666666667 0.13148148148148148
1 0.7208333333333333 0.3625 0.040625 0.06388888888888888
1 0.6552083333333333 0.2884259259259259 0.041666666666666664 0.05648148148148148
1 0.36015625 0.33564814814814814 0.0671875 0.058333333333333334
1 0.8247395833333333 0.38101851851851853 0.034895833333333334 0.06018518518518518
1 0.7986979166666667 0.32546296296296295 0.033854166666666664 0.05648148148148148
1 0.5315104166666667 0.4824074074074074 0.0828125 0.09444444444444444
1 0.45390625 0.25925925925925924 0.0390625 0.040740740740740744
1 0.6778645833333333 0.22824074074074074 0.025520833333333333 0.03425925925925926
1 0.21979166666666666 0.36064814814814816 0.07708333333333334 0.07314814814814814
1 0.8606770833333334 0.2828703703703704 0.0203125 0.03611111111111111
1 0.43776041666666665 0.40185185185185185 0.07447916666666667 0.07037037037037037
1 0.5143229166666666 0.38935185185185184 0.0828125 0.10277777777777777
1 0.7104166666666667 0.24166666666666667 0.025 0.03148148148148148
1 0.8182291666666667 0.262037037037037 0.020833333333333332 0.03333333333333333
1 0.24114583333333334 0.3162037037037037 0.06666666666666667 0.05462962962962963
1 0.53046875 0.22546296296296298 0.0359375 0.03796296296296296
1 0.7786458333333334 0.25462962962962965 0.025 0.046296296296296294
1 0.7486979166666666 0.2023148148148148 0.0171875 0.025
1 0.6109375 0.2111111111111111 0.028125 0.02962962962962963
1 0.8658854166666666 0.24583333333333332 0.0171875 0.030555555555555555
1 0.5484375 0.24027777777777778 0.034375 0.03611111111111111
1 0.7885416666666667 0.23657407407407408 0.017708333333333333 0.032407407407407406
1 0.8440104166666667 0.17685185185185184 0.0109375 0.018518518518518517
3 0.41824999999999996 0.23091666666666666 0.06007291666666662 0.0871203703703704
1 0.43723958333333335 0.17685185185185184 0.03177083333333333 0.03518518518518519
1 0.78671875 0.16018518518518518 0.0140625 0.03333333333333333
1 0.7484375 0.16712962962962963 0.011458333333333333 0.017592592592592594
1 0.8138020833333334 0.14351851851851852 0.008854166666666666 0.012962962962962963
1 0.8328125 0.2064814814814815 0.0125 0.022222222222222223
1 0.59921875 0.1935185185185185 0.024479166666666666 0.025925925925925925
1 0.753125 0.13194444444444445 0.009375 0.013888888888888888
1 0.5140625 0.16574074074074074 0.016666666666666666 0.025925925925925925
1 0.8299479166666667 0.19212962962962962 0.0109375 0.01574074074074074
1 0.796875 0.1388888888888889 0.0125 0.018518518518518517
1 0.8375 0.16435185185185186 0.009375 0.013888888888888888
1 0.771875 0.14583333333333334 0.009375 0.01574074074074074
3 0.5455104166666668 0.17705555555555555 0.05216666666666665 0.07119444444444444