1 0.3299479166666667 0.24351851851851852 0.028645833333333332 0.03333333333333333
1 0.6450520833333333 0.8865740740740741 0.20885416666666667 0.22314814814814815
1 0.25338541666666664 0.24259259259259258 0.0234375 0.037037037037037035
3 0.16284895833333335 0.30092592592592593 0.028125 0.053703703703703705
1 0.14557291666666666 0.21851851851851853 0.016145833333333335 0.024074074074074074
1 0.5473958333333333 0.17962962962962964 0.03333333333333333 0.025925925925925925
3 0.18489583333333334 0.21574074074074073 0.017708333333333333 0.037037037037037035
1 0.23828125 0.18611111111111112 0.015104166666666667 0.020370370370370372
1 0.24427083333333333 0.11481481481481481 0.016666666666666666 0.012962962962962963
2 0.17881770833333333 0.18826851851851853 0.008682291666666668 0.018518518518518517
1 0.20807291666666666 0.12453703703703704 0.008854166666666666 0.012037037037037037
1 0.2296875 0.1597222222222222 0.014583333333333334 0.019444444444444445
1 0.22890625 0.13796296296296295 0.009895833333333333 0.014814814814814815
2 0.3020833333333333 0.22145370370370368 0.013890625 0.029324074074074075
1 0.3341145833333333 0.1625 0.019270833333333334 0.019444444444444445
1 0.21666666666666667 0.12916666666666668 0.008333333333333333 0.012037037037037037
1 0.23385416666666667 0.1685185185185185 0.010416666666666666 0.018518518518518517