1 0.19453125 0.30648148148148147 0.028645833333333332 0.044444444444444446
1 0.32864583333333336 0.2833333333333333 0.0375 0.046296296296296294
1 0.7052083333333333 0.5842592592592593 0.12708333333333333 0.12962962962962962
1 0.28177083333333336 0.29074074074074074 0.035416666666666666 0.05185185185185185
1 0.3125 0.23657407407407408 0.029166666666666667 0.032407407407407406
1 0.15989583333333332 0.20601851851851852 0.015625 0.021296296296296296
1 0.4453125 0.21296296296296297 0.027083333333333334 0.037037037037037035
1 0.5622395833333333 0.19305555555555556 0.04010416666666667 0.032407407407407406
1 0.19244791666666666 0.17314814814814813 0.011979166666666667 0.020370370370370372
1 0.26328125 0.18101851851851852 0.015104166666666667 0.023148148148148147
1 0.18125 0.15462962962962962 0.010416666666666666 0.014814814814814815
1 0.47239583333333335 0.17916666666666667 0.03125 0.026851851851851852
1 0.24947916666666667 0.1550925925925926 0.0125 0.019444444444444445
2 0.14895833333333333 0.23287037037037037 0.009375 0.023148148148148147
1 0.20384375 0.14791666666666667 0.012307291666666666 0.01561111111111111
1 0.20026041666666666 0.1398148148148148 0.009895833333333333 0.016666666666666666
1 0.29503125 0.12846296296296297 0.01688020833333333 0.025
1 0.22291666666666668 0.13425925925925927 0.009375 0.012962962962962963
3 0.7478750000000001 0.2654814814814815 0.05021875 0.058351851851851856
1 0.24031249999999998 0.13953703703703701 0.009838541666666667 0.014675925925925926
1 0.22781770833333334 0.1227962962962963 0.008416666666666666 0.011907407407407406
1 0.237765625 0.13060185185185186 0.008416666666666666 0.010777777777777778
1 0.24020833333333333 0.11454629629629628 0.008057291666666667 0.00938888888888889
1 0.24777083333333336 0.12076851851851853 0.007994791666666666 0.009731481481481482