1 0.05130208333333333 0.8050925925925926 0.1015625 0.1527777777777778
1 0.10130208333333333 0.43194444444444446 0.09427083333333333 0.08611111111111111
1 0.2078125 0.5592592592592592 0.10729166666666666 0.10555555555555556
1 0.7216145833333333 0.3574074074074074 0.04114583333333333 0.05925925925925926
1 0.5067708333333333 0.3509259259259259 0.058333333333333334 0.06111111111111111
1 0.6033854166666667 0.34305555555555556 0.0453125 0.049074074074074076
1 0.6427083333333333 0.4875 0.071875 0.09907407407407408
1 0.41640625 0.30324074074074076 0.05572916666666667 0.05277777777777778
1 0.7872395833333333 0.24768518518518517 0.022395833333333334 0.03796296296296296
1 0.015885416666666666 0.525 0.028645833333333332 0.053703703703703705
1 0.28411458333333334 0.34953703703703703 0.07239583333333334 0.07314814814814814
1 0.5427083333333333 0.2449074074074074 0.03854166666666667 0.03611111111111111
1 0.6888020833333334 0.2569444444444444 0.03177083333333333 0.049074074074074076
1 0.509375 0.23333333333333334 0.03854166666666667 0.037037037037037035
1 0.7588541666666667 0.18194444444444444 0.014583333333333334 0.025
1 0.8309895833333333 0.1935185185185185 0.011979166666666667 0.022222222222222223
1 0.3302083333333333 0.30324074074074076 0.065625 0.07314814814814814
1 0.69140625 0.22037037037037038 0.024479166666666666 0.02962962962962963
1 0.6247395833333333 0.20185185185185187 0.024479166666666666 0.027777777777777776
1 0.769015625 0.16240740740740742 0.013421874999999991 0.02007407407407408
1 0.43046875 0.25925925925925924 0.0484375 0.044444444444444446
1 0.4356770833333333 0.2064814814814815 0.034895833333333334 0.03148148148148148
2 0.8337552083333333 0.1676574074074074 0.006234374999999895 0.018592592592592577
1 0.82421875 0.16296296296296298 0.008854166666666666 0.020370370370370372
3 0.5360885416666666 0.18576851851851853 0.05841145833333338 0.0691388888888889
1 0.5161458333333333 0.16435185185185186 0.03333333333333333 0.032407407407407406
1 0.8065104166666667 0.1699074074074074 0.0109375 0.025
1 0.426078125 0.17359259259259258 0.04669791666666671 0.06168518518518519
1 0.71484375 0.1439814814814815 0.015104166666666667 0.025
1 0.6614583333333334 0.18009259259259258 0.017708333333333333 0.025
1 0.58359375 0.20324074074074075 0.024479166666666666 0.03796296296296296
1 0.460015625 0.23148148148148148 0.03413541666666665 0.040740740740740744
2 0.41015625 0.9208333333333333 0.06822916666666666 0.11944444444444445
2 0.46953125 0.2671296296296296 0.016145833333333335 0.03611111111111111
2 0.8299479166666667 0.24074074074074073 0.0067708333333333336 0.027777777777777776
3 0.19583333333333333 0.3365740740740741 0.075 0.0824074074074074
3 0.7565104166666666 0.25601851851851853 0.03697916666666667 0.0787037037037037
3 0.7903645833333334 0.19722222222222222 0.025520833333333333 0.05185185185185185
1 0.3471041666666667 0.26990740740740743 0.06388541666666671 0.05961111111111111
2 0.8118177083333333 0.19369444444444445 0.007239583333333381 0.023148148148148147
3 0.83003125 0.15028703703703705 0.013682291666666657 0.02443518518518517
2 0.8154479166666667 0.15996296296296295 0.00610937500000001 0.020037037037037023
1 0.8009375 0.15566666666666668 0.010067708333333295 0.018351851851851845
2 0.7958177083333333 0.17273148148148149 0.006437500000000066 0.012814814814814791
2 0.7482135416666666 0.17094444444444445 0.006546875000000086 0.016898148148148148
1 0.7524895833333333 0.1531574074074074 0.010307291666666647 0.018527777777777768
1 0.7794947916666667 0.14600000000000002 0.009531250000000095 0.01625925925925926
1 0.7701666666666667 0.14875925925925926 0.008500000000000086 0.010824074074074073
2 0.769171875 0.14055555555555557 0.004635416666666714 0.011935185185185172
1 0.766484375 0.13443518518518519 0.008781250000000067 0.01500925925925924
1 0.754296875 0.13995370370370372 0.008223958333333314 0.012907407407407406
1 0.7858177083333333 0.1397037037037037 0.010880208333333268 0.01683333333333334
1 0.8051927083333333 0.1406851851851852 0.0076875000000001135 0.014370370370370353
2 0.7951458333333333 0.14094444444444446 0.004708333333333314 0.014351851851851852
1 0.7721302083333333 0.1277222222222222 0.008567708333333238 0.015250000000000026
1 0.7956041666666667 0.1307777777777778 0.009015624999999972 0.014805555555555563
1 0.78971875 0.12728703703703703 0.007864583333333286 0.012759259259259234
1 0.8042812500000001 0.12916666666666668 0.009822916666666733 0.0143240740740741
1 0.760953125 0.1277222222222222 0.007838541666666761 0.012527777777777752
1 0.759875 0.11875 0.007223958333333277 0.010990740740740745
1 0.7513958333333334 0.12162037037037036 0.007260416666666695 0.012907407407407406
1 0.6109479166666667 0.18176851851851852 0.027713541666666685 0.040101851851851854