1 0.95078125 0.8217592592592593 0.09739583333333333 0.19722222222222222
1 0.28802083333333334 0.38564814814814813 0.06354166666666666 0.10648148148148148
1 0.6486979166666667 0.45694444444444443 0.08177083333333333 0.10833333333333334
1 0.22447916666666667 0.12916666666666668 0.027083333333333334 0.03796296296296296
1 0.26588541666666665 0.06018518518518518 0.019270833333333334 0.027777777777777776
1 0.16901041666666666 0.055092592592592596 0.013020833333333334 0.017592592592592594
3 0.21510416666666668 0.03333333333333333 0.014583333333333334 0.022222222222222223
1 0.190625 0.0787037037037037 0.016666666666666666 0.018518518518518517
1 0.246875 0.04675925925925926 0.0125 0.01574074074074074
1 0.71171875 0.3768518518518518 0.04010416666666667 0.04259259259259259
1 0.15885416666666666 0.03981481481481482 0.0125 0.014814814814814815
1 0.0296875 0.11435185185185186 0.011458333333333333 0.025
1 0.11692708333333333 0.016203703703703703 0.008854166666666666 0.017592592592592594
1 0.18784375 0.02188888888888889 0.006604166666666666 0.009925925925925927
1 0.203125 0.024537037037037038 0.009375 0.013888888888888888
2 0.5544270833333333 0.4115740740740741 0.0265625 0.05277777777777778
3 0.17109375 0.3476851851851852 0.049479166666666664 0.125
3 0.18958333333333333 0.12037037037037036 0.03333333333333333 0.07037037037037037
3 0.14296875 0.06944444444444445 0.0234375 0.053703703703703705
3 0.32317708333333334 0.07777777777777778 0.043229166666666666 0.05925925925925926
3 0.5854166666666667 0.3226851851851852 0.09895833333333333 0.14166666666666666
3 0.15651041666666668 0.14444444444444443 0.025520833333333333 0.05555555555555555
3 0.12153125000000001 0.19464814814814815 0.043229166666666666 0.1259259259259259
3 0.11878645833333333 0.05332407407407408 0.019270833333333334 0.05
3 0.534375 0.22962962962962963 0.1 0.10555555555555556
2 0.141171875 0.036000000000000004 0.007354166666666666 0.017055555555555556
2 0.20891145833333333 0.04277777777777778 0.0057395833333333335 0.015120370370370369
3 0.22493229166666667 0.027083333333333334 0.013208333333333332 0.02175925925925926
1 0.18158333333333332 0.018055555555555554 0.005276041666666667 0.007574074074074074