1 0.8380208333333333 0.7712962962962963 0.121875 0.19074074074074074
1 0.9252604166666667 0.7976851851851852 0.10260416666666666 0.1638888888888889
1 0.33229166666666665 0.33055555555555555 0.059375 0.07777777777777778
1 0.2421875 0.30092592592592593 0.04895833333333333 0.08518518518518518
1 0.196875 0.15092592592592594 0.028125 0.05555555555555555
1 0.41692708333333334 0.20092592592592592 0.05260416666666667 0.07962962962962963
1 0.11536458333333334 0.05925925925925926 0.011979166666666667 0.024074074074074074
1 0.25494791666666666 0.08425925925925926 0.019270833333333334 0.025925925925925925
1 0.8046875 0.42777777777777776 0.01875 0.03518518518518519
1 0.9140625 0.5324074074074074 0.025 0.02962962962962963
1 0.7861979166666667 0.42685185185185187 0.034895833333333334 0.046296296296296294
1 0.8815104166666666 0.5236111111111111 0.018229166666666668 0.030555555555555555
2 0.3390625 0.15833333333333333 0.011458333333333333 0.03148148148148148
3 0.2483125 0.5427592592592592 0.15 0.40185185185185185
3 0.29375 0.0763888888888889 0.025 0.04537037037037037
3 0.13671875 0.07453703703703704 0.015104166666666667 0.030555555555555555
3 0.3966145833333333 0.1486111111111111 0.0578125 0.07314814814814814
3 0.24592708333333332 0.04747222222222223 0.022395833333333334 0.032407407407407406
3 0.20859375 0.030555555555555555 0.0203125 0.03333333333333333
3 0.5559895833333334 0.2833333333333333 0.19010416666666666 0.16111111111111112
2 0.158203125 0.051527777777777777 0.005354166666666666 0.01746296296296296
3 0.11046874999999999 0.04472222222222222 0.013395833333333333 0.020324074074074074
3 0.13363541666666665 0.03253703703703704 0.010552083333333333 0.02021296296296296
2 0.2554635416666667 0.07046296296296296 0.0049479166666666664 0.01