1 0.16197916666666667 0.7712962962962963 0.121875 0.19074074074074074
1 0.07473958333333333 0.7976851851851852 0.10260416666666666 0.1638888888888889
1 0.6677083333333333 0.33055555555555555 0.059375 0.07777777777777778
1 0.7578125 0.30092592592592593 0.04895833333333333 0.08518518518518518
1 0.803125 0.15092592592592594 0.028125 0.05555555555555555
1 0.5830729166666667 0.20092592592592592 0.05260416666666667 0.07962962962962963
1 0.8846354166666667 0.05925925925925926 0.011979166666666667 0.024074074074074074
1 0.7450520833333333 0.08425925925925926 0.019270833333333334 0.025925925925925925
1 0.1953125 0.42777777777777776 0.01875 0.03518518518518519
1 0.0859375 0.5324074074074074 0.025 0.02962962962962963
1 0.21380208333333334 0.42685185185185187 0.034895833333333334 0.046296296296296294
1 0.11848958333333333 0.5236111111111111 0.018229166666666668 0.030555555555555555
2 0.6609375 0.15833333333333333 0.011458333333333333 0.03148148148148148
3 0.7516875 0.5427592592592592 0.15 0.40185185185185185
3 0.70625 0.0763888888888889 0.025 0.04537037037037037
3 0.86328125 0.07453703703703704 0.015104166666666667 0.030555555555555555
3 0.6033854166666667 0.1486111111111111 0.0578125 0.07314814814814814
3 0.7540729166666666 0.047472222222222235 0.022395833333333334 0.03240740740740741
3 0.79140625 0.030555555555555555 0.0203125 0.03333333333333333
3 0.4440104166666667 0.2833333333333333 0.19010416666666666 0.16111111111111112
2 0.841796875 0.051527777777777777 0.005354166666666771 0.01746296296296296
3 0.88953125 0.04472222222222222 0.013395833333333228 0.020324074074074078
3 0.8663645833333333 0.03253703703703704 0.010552083333333446 0.02021296296296296
2 0.7445364583333334 0.07046296296296296 0.0049479166666666664 0.01000000000000001