1 0.3802083333333333 0.874537037037037 0.20729166666666668 0.24722222222222223
1 0.3 0.48842592592592593 0.10625 0.1287037037037037
1 0.07630208333333334 0.4912037037037037 0.0890625 0.08981481481481482
1 0.803125 0.3439814814814815 0.03333333333333333 0.05462962962962963
1 0.4934895833333333 0.23796296296296296 0.0484375 0.03888888888888889
1 0.12109375 0.4134259259259259 0.08072916666666667 0.075
1 0.33307291666666666 0.34629629629629627 0.07552083333333333 0.06481481481481481
1 0.21979166666666666 0.29305555555555557 0.07395833333333333 0.05277777777777778
1 0.10911458333333333 0.7060185185185185 0.16614583333333333 0.25277777777777777
1 0.6013020833333333 0.20277777777777778 0.03697916666666667 0.03518518518518519
1 0.68984375 0.2537037037037037 0.034895833333333334 0.046296296296296294
1 0.8390625 0.2708333333333333 0.019791666666666666 0.03611111111111111
1 0.5505208333333333 0.19907407407407407 0.03229166666666667 0.03333333333333333
1 0.6041666666666666 0.16574074074074074 0.025 0.022222222222222223
1 0.74921875 0.2162037037037037 0.0234375 0.032407407407407406
1 0.5658854166666667 0.30833333333333335 0.044270833333333336 0.037037037037037035
1 0.8760416666666667 0.2662037037037037 0.01875 0.028703703703703703
1 0.64453125 0.2152777777777778 0.034895833333333334 0.030555555555555555
1 0.6385416666666667 0.1935185185185185 0.027083333333333334 0.025925925925925925
1 0.7299479166666667 0.2611111111111111 0.024479166666666666 0.04814814814814815
1 0.6684895833333333 0.18472222222222223 0.027604166666666666 0.032407407407407406
1 0.4080729166666667 0.2222222222222222 0.0421875 0.03333333333333333
1 0.85703125 0.23703703703703705 0.022395833333333334 0.04259259259259259
1 0.7940104166666667 0.21574074074074073 0.022395833333333334 0.03148148148148148
1 0.69375 0.19444444444444445 0.026041666666666668 0.027777777777777776
1 0.78828125 0.19074074074074074 0.015104166666666667 0.025925925925925925
1 0.5080729166666667 0.17731481481481481 0.018229166666666668 0.026851851851851852
1 0.6697916666666667 0.16435185185185186 0.028125 0.023148148148148147
1 0.85546875 0.20879629629629629 0.034895833333333334 0.03796296296296296
1 0.01015625 0.4027777777777778 0.0203125 0.040740740740740744
2 0.4348958333333333 0.2462962962962963 0.019791666666666666 0.03333333333333333
2 0.56328125 0.2162037037037037 0.0140625 0.030555555555555555
2 0.8640625 0.3199074074074074 0.010416666666666666 0.03611111111111111
3 0.5573385416666666 0.47504629629629624 0.2859375 0.4046296296296296
3 0.15572916666666667 0.8032407407407407 0.2604166666666667 0.38796296296296295
3 0.10520833333333333 0.3476851851851852 0.171875 0.175
3 0.759375 0.28379629629629627 0.06770833333333333 0.1175925925925926
3 0.6513020833333333 0.14675925925925926 0.0390625 0.05462962962962963
3 0.6778645833333333 0.5171296296296296 0.1296875 0.24537037037037038
3 0.39427083333333335 0.26944444444444443 0.06875 0.06851851851851852
3 0.8065104166666667 0.24212962962962964 0.034895833333333334 0.062037037037037036
3 0.4864583333333333 0.19212962962962962 0.042708333333333334 0.041666666666666664
2 0.044244791666666665 0.45837962962962964 0.039177083333333335 0.044620370370370366
1 0.6947500000000001 0.1760925925925926 0.021942708333333335 0.025138888888888888
2 0.7014947916666666 0.2627407407407407 0.016161458333333333 0.03696296296296296
2 0.7337812499999999 0.23403703703703702 0.009166666666666667 0.014611111111111111
1 0.8761927083333333 0.20373148148148149 0.01828645833333333 0.041277777777777774
2 0.9020208333333334 0.27705555555555555 0.009234375 0.03272222222222222