1 0.7315104166666667 0.5203703703703704 0.1140625 0.13148148148148148
1 0.3963541666666667 0.6564814814814814 0.1125 0.18703703703703703
1 0.7518229166666667 0.27546296296296297 0.0609375 0.05277777777777778
1 0.42291666666666666 0.3814814814814815 0.075 0.08148148148148149
1 0.346875 0.39861111111111114 0.07083333333333333 0.11203703703703703
1 0.221875 0.262037037037037 0.030208333333333334 0.046296296296296294
1 0.6559895833333333 0.29305555555555557 0.0765625 0.07685185185185185
1 0.26979166666666665 0.2310185185185185 0.026041666666666668 0.03611111111111111
1 0.45078125 0.21481481481481482 0.0453125 0.04814814814814815
1 0.20520833333333333 0.19212962962962962 0.016666666666666666 0.025
1 0.13385416666666666 0.21296296296296297 0.0125 0.022222222222222223
1 0.14817708333333332 0.2310185185185185 0.016145833333333335 0.025
1 0.3203125 0.1486111111111111 0.016666666666666666 0.019444444444444445
1 0.15234375 0.20185185185185187 0.015104166666666667 0.020370370370370372
3 0.44452604166666665 0.16904629629629628 0.0828125 0.06574074074074074
2 0.3109375 0.1614074074074074 0.008755208333333304 0.023138888888888896
1 0.12114583333333329 0.19087037037037036 0.01171875 0.02286111111111111