0 0.44192708333333336 0.5888888888888889 0.028645833333333332 0.07407407407407407
1 0.4393229166666667 0.6777777777777778 0.030729166666666665 0.053703703703703705
1 0.47994791666666664 0.5958333333333333 0.019270833333333334 0.03981481481481482
1 0.3966145833333333 0.6134259259259259 0.022395833333333334 0.03796296296296296
1 0.49947916666666664 0.7439814814814815 0.04375 0.07685185185185185
1 0.49375 0.65 0.027083333333333334 0.04814814814814815
1 0.41796875 0.5532407407407407 0.011979166666666667 0.019444444444444445
3 0.4395833333333333 0.5388888888888889 0.013541666666666667 0.025925925925925925
1 0.44895833333333335 0.5212962962962963 0.008333333333333333 0.018518518518518517
1 0.45729166666666665 0.5375 0.013541666666666667 0.026851851851851852
1 0.46328125 0.5527777777777778 0.0109375 0.016666666666666666
1 0.421875 0.5314814814814814 0.007291666666666667 0.014814814814814815