1 0.5059895833333333 0.8027777777777778 0.049479166666666664 0.08148148148148149
1 0.5770833333333333 0.7083333333333334 0.034375 0.07592592592592592
1 0.6252604166666667 0.6810185185185185 0.0359375 0.05277777777777778
1 0.60078125 0.6069444444444444 0.021354166666666667 0.032407407407407406
1 0.9322916666666666 0.7625 0.12708333333333333 0.13796296296296295
3 0.5388020833333333 0.6370370370370371 0.0421875 0.08148148148148149
1 0.5583333333333333 0.5662037037037037 0.013541666666666667 0.023148148148148147
1 0.5596354166666667 0.5412037037037037 0.011979166666666667 0.023148148148148147
1 0.5825520833333333 0.5541666666666667 0.011979166666666667 0.021296296296296296
1 0.5416666666666666 0.5435185185185185 0.009375 0.014814814814814815
1 0.6609375 0.5791666666666667 0.016666666666666666 0.023148148148148147
1 0.5799479166666667 0.5398148148148149 0.009895833333333333 0.016666666666666666
1 0.5596354166666667 0.5976851851851852 0.0109375 0.026851851851851852
2 0.5736979166666667 0.5643518518518519 0.008854166666666666 0.028703703703703703
1 0.5450364583333334 0.5317870370370371 0.006739583333333333 0.009879629629629629
1 0.5524375 0.5252314814814815 0.005916666666666666 0.011574074074074073
1 0.5681510416666666 0.5241481481481481 0.006093749999999999 0.014962962962962963
1 0.5802864583333334 0.5256481481481482 0.007447916666666667 0.010555555555555556
1 0.55884375 0.518425925925926 0.006223958333333333 0.009083333333333334