0 0.5580729166666667 0.5888888888888889 0.028645833333333332 0.07407407407407407
1 0.5606770833333333 0.6777777777777778 0.030729166666666665 0.053703703703703705
1 0.5200520833333333 0.5958333333333333 0.019270833333333334 0.03981481481481482
1 0.6033854166666667 0.6134259259259259 0.022395833333333334 0.03796296296296296
1 0.5005208333333333 0.7439814814814815 0.04375 0.07685185185185185
1 0.50625 0.65 0.027083333333333334 0.04814814814814815
1 0.58203125 0.5532407407407407 0.011979166666666667 0.019444444444444445
3 0.5604166666666667 0.5388888888888889 0.013541666666666667 0.025925925925925925
1 0.5510416666666667 0.5212962962962963 0.008333333333333333 0.018518518518518517
1 0.5427083333333333 0.5375 0.013541666666666667 0.026851851851851852
1 0.53671875 0.5527777777777778 0.0109375 0.016666666666666666
1 0.578125 0.5314814814814814 0.007291666666666667 0.014814814814814815