3 0.5 0.7643518518518518 0.06875 0.16018518518518518
1 0.14895833333333333 0.7472222222222222 0.065625 0.07407407407407407
1 0.36640625 0.6865740740740741 0.0359375 0.05277777777777778
1 0.4393229166666667 0.6273148148148148 0.022395833333333334 0.03611111111111111
1 0.4588541666666667 0.5546296296296296 0.011458333333333333 0.016666666666666666
1 0.4153645833333333 0.5657407407407408 0.013020833333333334 0.020370370370370372
1 0.440625 0.5625 0.0125 0.023148148148148147
1 0.25 0.6574074074074074 0.036458333333333336 0.04259259259259259
1 0.44453125 0.5175925925925926 0.008854166666666666 0.016666666666666666
1 0.4215729166666667 0.5331944444444444 0.009979166666666709 0.010833333333333375
1 0.4125 0.5083333333333333 0.009375 0.018518518518518517
1 0.09635416666666667 0.7324074074074074 0.06354166666666666 0.07777777777777778
1 0.43515625 0.5092592592592593 0.0067708333333333336 0.012962962962962963
1 0.42578125 0.5023148148148148 0.0067708333333333336 0.013888888888888888
1 0.422375 0.5470462962962962 0.012546874999999957 0.014462962962962862