3 0.8765625 0.6606481481481481 0.19270833333333334 0.2361111111111111
3 0.3619791666666667 0.8814814814814815 0.09375 0.1814814814814815
3 0.5723958333333333 0.5023148148148148 0.08333333333333333 0.12685185185185185
3 0.7622395833333333 0.4546296296296296 0.04114583333333333 0.046296296296296294
1 0.3541666666666667 0.4824074074074074 0.0375 0.05
1 0.3880208333333333 0.6782407407407407 0.0625 0.08425925925925926
1 0.40208333333333335 0.38796296296296295 0.029166666666666667 0.03518518518518519
1 0.5794270833333334 0.3972222222222222 0.03802083333333333 0.037037037037037035
1 0.46119791666666665 0.43796296296296294 0.0421875 0.046296296296296294
1 0.5309895833333333 0.3773148148148148 0.033854166666666664 0.032407407407407406
1 0.2833333333333333 0.4949074074074074 0.034375 0.058333333333333334
1 0.6440104166666667 0.42777777777777776 0.04010416666666667 0.040740740740740744
1 0.49114583333333334 0.36018518518518516 0.028125 0.03148148148148148
1 0.45026041666666666 0.3449074074074074 0.024479166666666666 0.025
1 0.2734375 0.4375 0.028125 0.04351851851851852
1 0.4049479166666667 0.3263888888888889 0.0203125 0.023148148148148147
1 0.165625 0.36342592592592593 0.015625 0.025
1 0.32838541666666665 0.337037037037037 0.0203125 0.025925925925925925
2 0.27303125 0.3895462962962963 0.0090625 0.03634259259259259
1 0.275 0.3731481481481482 0.022916666666666665 0.02962962962962963
1 0.7205729166666667 0.3939814814814815 0.0140625 0.023148148148148147
1 0.1796875 0.43657407407407406 0.026041666666666668 0.05648148148148148
1 0.21822916666666667 0.42453703703703705 0.025 0.03796296296296296
1 0.29921875 0.33796296296296297 0.019270833333333334 0.025925925925925925
1 0.21380208333333334 0.3875 0.0203125 0.041666666666666664
1 0.3671875 0.3449074074074074 0.021875 0.028703703703703703
1 0.69609375 0.3837962962962963 0.0171875 0.030555555555555555
1 0.30755208333333334 0.32083333333333336 0.0171875 0.021296296296296296
1 0.221875 0.34120370370370373 0.015625 0.032407407407407406
1 0.67578125 0.3763888888888889 0.015104166666666667 0.030555555555555555
1 0.1953125 0.3449074074074074 0.015625 0.032407407407407406
1 0.3385416666666667 0.2986111111111111 0.014583333333333334 0.017592592592592594
1 0.27421875 0.31805555555555554 0.015104166666666667 0.021296296296296296
1 0.23802083333333332 0.4671296296296296 0.010416666666666666 0.041666666666666664
1 0.36620833333333336 0.3321944444444444 0.020281249999999997 0.023796296296296295
1 0.3609375 0.30787037037037035 0.016666666666666666 0.023148148148148147
1 0.20520833333333333 0.36435185185185187 0.017708333333333333 0.03796296296296296
1 0.1640625 0.31851851851851853 0.011458333333333333 0.022222222222222223
1 0.38125 0.31851851851851853 0.017708333333333333 0.016666666666666666
2 0.237703125 0.3228148148148148 0.00603125 0.02412962962962963
2 0.279171875 0.28608333333333336 0.0047239583333333335 0.017907407407407407
1 0.143265625 0.24330555555555552 0.007151041666666667 0.014444444444444444
1 0.14036458333333332 0.23448148148148149 0.007875 0.013564814814814816
1 0.15278645833333335 0.23580555555555555 0.0095 0.020092592592592592
2 0.152984375 0.2177222222222222 0.0035468749999999997 0.009518518518518518
1 0.16223958333333333 0.30710185185185185 0.012703125000000001 0.018268518518518517
1 0.15784895833333332 0.29587962962962966 0.011739583333333333 0.018046296296296296
1 0.17901041666666667 0.2961944444444444 0.014208333333333333 0.01867592592592593
3 0.18944791666666666 0.31594444444444447 0.02041666666666667 0.04809259259259259
1 0.18627604166666664 0.27840740740740744 0.009989583333333333 0.016453703703703703
1 0.20867187499999998 0.28329629629629627 0.011807291666666667 0.020657407407407406
1 0.21441145833333333 0.3292037037037037 0.01625 0.024962962962962965
1 0.24784375 0.2774814814814815 0.012791666666666666 0.02153703703703704
1 0.23868229166666666 0.2665925925925926 0.011401041666666667 0.017842592592592594
1 0.24302083333333335 0.25649074074074074 0.010848958333333332 0.013101851851851852
1 0.22626041666666669 0.2675740740740741 0.009864583333333335 0.017953703703703704
1 0.15400520833333334 0.27644444444444444 0.00903125 0.017499999999999998
1 0.165734375 0.26864814814814814 0.01 0.01997222222222222
1 0.14636979166666667 0.2537222222222222 0.007552083333333333 0.015925925925925927
1 0.15988541666666667 0.25600925925925927 0.008458333333333333 0.01662037037037037
1 0.17202604166666668 0.2542037037037037 0.010239583333333333 0.016888888888888887
1 0.15850520833333331 0.22750925925925927 0.007145833333333334 0.013814814814814814
1 0.16894791666666667 0.22897222222222222 0.00771875 0.01674074074074074
1 0.16216666666666668 0.20492592592592593 0.005760416666666667 0.0125
1 0.25848958333333333 0.22522222222222224 0.008286458333333333 0.013111111111111112
3 0.2696510416666667 0.2566481481481482 0.019723958333333333 0.026944444444444444
1 0.26555208333333336 0.2293425925925926 0.009343750000000001 0.01748148148148148
3 0.295234375 0.26722222222222225 0.019359375 0.03130555555555556
3 0.28592708333333333 0.2364074074074074 0.013088541666666667 0.022583333333333334
1 0.19875 0.3052037037037037 0.011067708333333334 0.02087037037037037
1 0.19554166666666667 0.2883611111111111 0.011109375 0.019675925925925927
1 0.13993229166666668 0.22471296296296295 0.007203125 0.011222222222222222