0 0.34765625 0.3175925925925926 0.0359375 0.05555555555555555
3 0.17708333333333334 0.4185185185185185 0.028125 0.05740740740740741
3 0.41744791666666664 0.35694444444444445 0.05364583333333333 0.07685185185185185
3 0.2794270833333333 0.43842592592592594 0.03177083333333333 0.06018518518518518
3 0.22864583333333333 0.4356481481481482 0.029166666666666667 0.058333333333333334
3 0.4588541666666667 0.3416666666666667 0.019791666666666666 0.03148148148148148
1 0.690625 0.6476851851851851 0.084375 0.09351851851851851
1 0.5291666666666667 0.9375 0.1125 0.12314814814814815
1 0.4427083333333333 0.4777777777777778 0.04375 0.05
1 0.5033854166666667 0.4726851851851852 0.044270833333333336 0.062037037037037036
1 0.19973958333333333 0.5064814814814815 0.03177083333333333 0.05740740740740741
1 0.7052083333333333 0.5439814814814815 0.0625 0.06388888888888888
1 0.31640625 0.7199074074074074 0.06927083333333334 0.13240740740740742
1 0.35520833333333335 0.4773148148148148 0.0375 0.05277777777777778
1 0.31927083333333334 0.5763888888888888 0.04791666666666667 0.06574074074074074
1 0.37005208333333334 0.3662037037037037 0.0234375 0.030555555555555555
1 0.2911458333333333 0.5050925925925925 0.034375 0.049074074074074076
3 0.26925520833333333 0.8680555555555556 0.15725520833333334 0.2638888888888889
1 0.3151041666666667 0.32592592592592595 0.01875 0.02962962962962963
1 0.2109375 0.3837962962962963 0.023958333333333335 0.03981481481481482
1 0.25026041666666665 0.3875 0.024479166666666666 0.03981481481481482
1 0.284375 0.40694444444444444 0.029166666666666667 0.03796296296296296
1 0.26848958333333334 0.36203703703703705 0.021354166666666667 0.03333333333333333
1 0.29453125 0.30787037037037035 0.015104166666666667 0.025
1 0.3390625 0.3435185185185185 0.017708333333333333 0.025925925925925925
1 0.20130208333333333 0.3282407407407407 0.0140625 0.021296296296296296
1 0.23828125 0.32685185185185184 0.0140625 0.020370370370370372
1 0.22890625 0.35185185185185186 0.016145833333333335 0.024074074074074074
1 0.18307291666666667 0.30416666666666664 0.016145833333333335 0.032407407407407406
1 0.24244791666666668 0.28425925925925927 0.0109375 0.012962962962962963
1 0.28359375 0.29305555555555557 0.0109375 0.017592592592592594
1 0.25755208333333335 0.2652777777777778 0.0109375 0.017592592592592594
3 0.16810416666666667 0.3565462962962963 0.0193125 0.04037037037037037
1 0.16614583333333333 0.32546296296296295 0.015625 0.03425925925925926
1 0.23020833333333332 0.3138888888888889 0.0125 0.018518518518518517
1 0.2734375 0.26666666666666666 0.009375 0.012962962962962963
1 0.15729166666666666 0.2861111111111111 0.010416666666666666 0.020370370370370372
1 0.2060729166666667 0.309462962962963 0.015072916666666667 0.019203703703703702
1 0.19640104166666666 0.29237037037037034 0.011411458333333334 0.023564814814814813
1 0.209796875 0.28425925925925927 0.012510416666666666 0.020407407407407405
1 0.17685937499999999 0.28664814814814815 0.010703125 0.019842592592592592
1 0.17302604166666666 0.2816111111111111 0.011041666666666667 0.018666666666666668
1 0.16578125000000002 0.26732407407407405 0.009239583333333332 0.01677777777777778
1 0.18001041666666667 0.26713888888888887 0.009328125 0.017611111111111112
2 0.18841666666666665 0.27255555555555555 0.004786458333333333 0.014203703703703703
1 0.19466666666666665 0.2645462962962963 0.009125 0.013444444444444445
1 0.198375 0.27343518518518517 0.010354166666666666 0.014768518518518518
1 0.15863020833333333 0.25026851851851856 0.00928125 0.020055555555555556
1 0.17336458333333335 0.25249074074074074 0.008385416666666668 0.016194444444444442
1 0.16258854166666667 0.2383425925925926 0.006854166666666666 0.011027777777777779
1 0.17275520833333333 0.23522222222222222 0.005833333333333333 0.012490740740740741
1 0.14119270833333333 0.2351851851851852 0.007109375 0.01361111111111111
3 0.14854166666666666 0.21442592592592594 0.008125 0.016583333333333332
1 0.312640625 0.28324074074074074 0.013515625 0.020416666666666666
1 0.23613541666666665 0.2444351851851852 0.008843750000000001 0.015416666666666665
1 0.24176041666666667 0.24024074074074073 0.008348958333333333 0.015203703703703705
3 0.24602083333333333 0.21604629629629632 0.009458333333333334 0.01811111111111111
3 0.309859375 0.24716666666666667 0.0193125 0.023842592592592592
3 0.3424375 0.2610462962962963 0.0189375 0.02
3 0.8438177083333334 0.49225 0.08974479166666667 0.09184259259259259