0 0.65234375 0.3175925925925926 0.0359375 0.05555555555555555
3 0.8229166666666666 0.4185185185185185 0.028125 0.05740740740740741
3 0.5825520833333333 0.35694444444444445 0.05364583333333333 0.07685185185185185
3 0.7205729166666667 0.43842592592592594 0.03177083333333333 0.06018518518518518
3 0.7713541666666667 0.4356481481481482 0.029166666666666667 0.058333333333333334
3 0.5411458333333333 0.3416666666666667 0.019791666666666666 0.03148148148148148
1 0.309375 0.6476851851851851 0.084375 0.09351851851851851
1 0.4708333333333333 0.9375 0.1125 0.12314814814814815
1 0.5572916666666666 0.4777777777777778 0.04375 0.05
1 0.49661458333333336 0.4726851851851852 0.044270833333333336 0.062037037037037036
1 0.8002604166666667 0.5064814814814815 0.03177083333333333 0.05740740740740741
1 0.2947916666666667 0.5439814814814815 0.0625 0.06388888888888888
1 0.68359375 0.7199074074074074 0.06927083333333334 0.13240740740740742
1 0.6447916666666667 0.4773148148148148 0.0375 0.05277777777777778
1 0.6807291666666667 0.5763888888888888 0.04791666666666667 0.06574074074074074
1 0.6299479166666667 0.3662037037037037 0.0234375 0.030555555555555555
1 0.7088541666666667 0.5050925925925925 0.034375 0.049074074074074076
3 0.7307447916666666 0.8680555555555556 0.15725520833333326 0.2638888888888889
1 0.6848958333333334 0.32592592592592595 0.01875 0.02962962962962963
1 0.7890625 0.3837962962962963 0.023958333333333335 0.03981481481481482
1 0.7497395833333333 0.3875 0.024479166666666666 0.03981481481481482
1 0.715625 0.40694444444444444 0.029166666666666667 0.03796296296296296
1 0.7315104166666667 0.36203703703703705 0.021354166666666667 0.03333333333333333
1 0.70546875 0.30787037037037035 0.015104166666666667 0.025
1 0.6609375 0.3435185185185185 0.017708333333333333 0.025925925925925925
1 0.7986979166666667 0.3282407407407407 0.0140625 0.021296296296296296
1 0.76171875 0.32685185185185184 0.0140625 0.020370370370370372
1 0.77109375 0.35185185185185186 0.016145833333333335 0.024074074074074074
1 0.8169270833333333 0.30416666666666664 0.016145833333333335 0.032407407407407406
1 0.7575520833333333 0.28425925925925927 0.0109375 0.012962962962962963
1 0.71640625 0.29305555555555557 0.0109375 0.017592592592592594
1 0.7424479166666667 0.2652777777777778 0.0109375 0.017592592592592594
3 0.8318958333333334 0.3565462962962963 0.01931249999999996 0.04037037037037039
1 0.8338541666666667 0.32546296296296295 0.015625 0.03425925925925926
1 0.7697916666666667 0.3138888888888889 0.0125 0.018518518518518517
1 0.7265625 0.26666666666666666 0.009375 0.012962962962962963
1 0.8427083333333333 0.2861111111111111 0.010416666666666666 0.020370370370370372
1 0.7939270833333333 0.309462962962963 0.015072916666666695 0.019203703703703712
1 0.8035989583333334 0.29237037037037034 0.011411458333333258 0.023564814814814858
1 0.790203125 0.28425925925925927 0.012510416666666658 0.020407407407407374
1 0.8231406250000001 0.28664814814814815 0.010703125000000095 0.019842592592592547
1 0.8269739583333333 0.2816111111111111 0.011041666666666571 0.018666666666666637
1 0.83421875 0.26732407407407405 0.00923958333333322 0.01677777777777778
1 0.8199895833333334 0.26713888888888887 0.009328124999999925 0.017611111111111095
2 0.8115833333333333 0.27255555555555555 0.004786458333333362 0.014203703703703734
1 0.8053333333333333 0.2645462962962963 0.00912499999999999 0.013444444444444427
1 0.8016249999999999 0.27343518518518517 0.010354166666666723 0.014768518518518561
1 0.8413697916666667 0.25026851851851856 0.009281250000000085 0.020055555555555524
1 0.8266354166666666 0.25249074074074074 0.00838541666666662 0.016194444444444452
1 0.8374114583333333 0.2383425925925926 0.006854166666666591 0.011027777777777775
1 0.8272447916666666 0.2352222222222222 0.005833333333333238 0.012490740740740722
1 0.8588072916666667 0.2351851851851852 0.007109375000000047 0.013611111111111128
3 0.8514583333333333 0.21442592592592594 0.008124999999999953 0.016583333333333356
1 0.687359375 0.28324074074074074 0.013515624999999904 0.020416666666666625
1 0.7638645833333333 0.2444351851851852 0.00884375000000001 0.015416666666666646
1 0.7582395833333333 0.24024074074074073 0.008348958333333437 0.015203703703703692
3 0.7539791666666666 0.21604629629629632 0.009458333333333258 0.018111111111111113
3 0.6901406250000001 0.24716666666666667 0.01931249999999996 0.023842592592592592
3 0.6575624999999999 0.2610462962962963 0.018937500000000065 0.02000000000000002
3 0.1561822916666666 0.49225 0.08974479166666666 0.09184259259259264