0 0.6677083333333333 0.4023148148148148 0.11458333333333333 0.1361111111111111
2 0.384375 0.5743425925925926 0.017708333333333333 0.05873148148148148
2 0.33177083333333335 0.49907407407407406 0.011458333333333333 0.03333333333333333
3 0.9393229166666667 0.8425925925925926 0.1203125 0.17592592592592593
1 0.5716145833333334 0.7958333333333333 0.09322916666666667 0.10833333333333334
1 0.4671875 0.8875 0.08958333333333333 0.14351851851851852
1 0.3111979166666667 0.7166666666666667 0.058854166666666666 0.09259259259259259
1 0.20546875 0.6699074074074074 0.0515625 0.08981481481481482
1 0.6091145833333333 0.6393518518518518 0.0828125 0.09537037037037037
1 0.26067708333333334 0.9199074074074074 0.0953125 0.15648148148148147
1 0.27786458333333336 0.586574074074074 0.0421875 0.075
1 0.4197916666666667 0.7245370370370371 0.07083333333333333 0.10277777777777777
1 0.5875 0.5398148148148149 0.06354166666666666 0.08703703703703704
1 0.9481770833333333 0.7694444444444445 0.1015625 0.08518518518518518
1 0.24635416666666668 0.5092592592592593 0.036458333333333336 0.06666666666666667
1 0.51875 0.37083333333333335 0.028125 0.032407407407407406
1 0.9533854166666667 0.9592592592592593 0.0921875 0.07962962962962963
1 0.18958333333333333 0.48055555555555557 0.029166666666666667 0.044444444444444446
1 0.30833333333333335 0.513425925925926 0.03854166666666667 0.05462962962962963
1 0.42682291666666666 0.41574074074074074 0.033854166666666664 0.03888888888888889
1 0.5864583333333333 0.9638888888888889 0.115625 0.06851851851851852
1 0.4505208333333333 0.3458333333333333 0.025 0.028703703703703703
1 0.278125 0.44583333333333336 0.030208333333333334 0.04351851851851852
1 0.35078125 0.47824074074074074 0.0390625 0.05092592592592592
1 0.39036458333333335 0.42824074074074076 0.0359375 0.04351851851851852
1 0.21380208333333334 0.4398148148148148 0.0265625 0.03888888888888889
1 0.3106770833333333 0.4212962962962963 0.028645833333333332 0.040740740740740744
1 0.9822916666666667 0.575462962962963 0.034375 0.03425925925925926
1 0.41822916666666665 0.33101851851851855 0.020833333333333332 0.025
1 0.33671875 0.3712962962962963 0.024479166666666666 0.03148148148148148
1 0.42604166666666665 0.5726851851851852 0.05520833333333333 0.0787037037037037
1 0.25338541666666664 0.3958333333333333 0.024479166666666666 0.03981481481481482
1 0.3497395833333333 0.35324074074074074 0.021354166666666667 0.026851851851851852
1 0.3885416666666667 0.3236111111111111 0.017708333333333333 0.017592592592592594
1 0.14583333333333334 0.32731481481481484 0.0125 0.023148148148148147
1 0.1703125 0.3597222222222222 0.017708333333333333 0.028703703703703703
1 0.20494791666666667 0.3726851851851852 0.018229166666666668 0.028703703703703703
1 0.23125 0.35833333333333334 0.01875 0.02962962962962963
1 0.30572916666666666 0.31805555555555554 0.017708333333333333 0.025
1 0.21380208333333334 0.39351851851851855 0.0203125 0.037037037037037035
1 0.35130208333333335 0.30185185185185187 0.0140625 0.020370370370370372
1 0.2786458333333333 0.2953703703703704 0.0125 0.022222222222222223
1 0.28411458333333334 0.41064814814814815 0.0109375 0.026851851851851852
1 0.27317708333333335 0.375 0.0265625 0.027777777777777776
1 0.2577291666666667 0.3522314814814815 0.020630208333333334 0.027074074074074073
1 0.2521666666666667 0.34020370370370373 0.016833333333333332 0.024462962962962964
1 0.24355208333333334 0.3293055555555555 0.015552083333333333 0.021055555555555553
1 0.2380364583333333 0.3221574074074074 0.014 0.021333333333333333
1 0.23058333333333333 0.31139814814814815 0.014609375 0.0205
1 0.21490625 0.3271111111111111 0.014729166666666666 0.022796296296296297
1 0.22344791666666666 0.3396296296296296 0.015864583333333335 0.023314814814814816
3 0.196484375 0.34797222222222224 0.01883333333333333 0.03540740740740741
1 0.17007291666666668 0.33596296296296296 0.015140625 0.024416666666666666
1 0.16129166666666667 0.3178240740740741 0.013536458333333333 0.02262037037037037
2 0.1680625 0.29871296296296296 0.0050885416666666666 0.01887037037037037
3 0.3692083333333333 0.3082962962962963 0.021317708333333334 0.03283333333333333
1 0.32592187499999997 0.30379629629629634 0.014505208333333333 0.023824074074074074
1 0.3335885416666667 0.29680555555555554 0.012338541666666668 0.018435185185185186
1 0.325015625 0.29055555555555557 0.0133125 0.016675925925925927
1 0.308015625 0.3062962962962963 0.01553125 0.025444444444444443
1 0.3085833333333333 0.28196296296296297 0.012822916666666666 0.01647222222222222
1 0.29394270833333336 0.2681296296296296 0.0135625 0.021657407407407406
1 0.24941666666666668 0.2897685185185185 0.011505208333333333 0.019749999999999997
1 0.26458333333333334 0.28809259259259257 0.013354166666666667 0.019148148148148147
1 0.25372395833333333 0.27605555555555555 0.01165625 0.021074074074074075
1 0.26597916666666666 0.27213888888888893 0.011526041666666665 0.015981481481481482
1 0.22994270833333333 0.27223148148148146 0.013359375 0.020277777777777777
1 0.28354166666666664 0.26410185185185187 0.012619791666666666 0.01812037037037037
1 0.27403645833333334 0.2593888888888889 0.010708333333333332 0.014768518518518518
1 0.26471354166666666 0.2562685185185185 0.009927083333333333 0.014611111111111111
1 0.248890625 0.254537037037037 0.010578124999999999 0.014527777777777777
3 0.236140625 0.23075 0.012057291666666666 0.02112037037037037
1 0.24246354166666664 0.23990740740740743 0.007984375 0.013648148148148149
1 0.24648958333333332 0.24321296296296296 0.0080625 0.011462962962962963
1 0.1929114583333333 0.3268888888888889 0.0185625 0.019212962962962963
1 0.18565104166666666 0.3192037037037037 0.013296875000000001 0.020305555555555556
1 0.18214583333333334 0.3074074074074074 0.012692708333333334 0.019490740740740743
1 0.20852604166666666 0.31144444444444447 0.013848958333333333 0.02312962962962963
1 0.20145833333333335 0.30468518518518517 0.011458333333333333 0.021
1 0.22499479166666667 0.30437962962962967 0.011557291666666667 0.01848148148148148
1 0.22039062499999998 0.2996944444444445 0.010536458333333333 0.014805555555555556
1 0.2178125 0.29314814814814816 0.011067708333333334 0.01437037037037037
1 0.21458854166666666 0.2870648148148148 0.0103125 0.015499999999999998
1 0.19745833333333335 0.29232407407407407 0.013067708333333334 0.01525
1 0.19978645833333333 0.29516666666666663 0.012026041666666666 0.014611111111111111
1 0.20730208333333333 0.27912037037037035 0.011395833333333332 0.013527777777777777
1 0.19616145833333334 0.2680185185185185 0.009817708333333335 0.015148148148148148
1 0.20206770833333335 0.2730462962962963 0.010541666666666666 0.012768518518518518
1 0.19316666666666665 0.2870092592592593 0.010536458333333333 0.016009259259259258
1 0.190078125 0.2808981481481482 0.010401041666666666 0.016444444444444446
0 0.15932812500000001 0.2859259259259259 0.015453125000000002 0.03409259259259259
0 0.161359375 0.2511851851851852 0.013557291666666667 0.03468518518518519
1 0.1670625 0.26709259259259255 0.008322916666666668 0.016435185185185185
1 0.17581770833333332 0.2900648148148148 0.013677083333333334 0.024814814814814814
1 0.25308854166666667 0.2501481481481482 0.008953125000000001 0.0135
2 0.26025 0.24948148148148147 0.004625000000000001 0.014861111111111111
1 0.26446875 0.23534259259259258 0.0091875 0.013240740740740742
1 0.27328645833333337 0.23221296296296295 0.009541666666666667 0.012675925925925926
1 0.285078125 0.23811111111111113 0.010088541666666668 0.015351851851851851
1 0.299171875 0.2543611111111111 0.011380208333333334 0.014861111111111111
1 0.24368229166666666 0.2175925925925926 0.008578124999999999 0.01074074074074074
1 0.25268229166666667 0.22131481481481483 0.009296875000000001 0.010222222222222221
1 0.25860416666666663 0.2250740740740741 0.007703125 0.013175925925925926
1 0.22769270833333335 0.2066851851851852 0.009250000000000001 0.011685185185185184
1 0.183609375 0.27346296296296296 0.009671875 0.015805555555555555
1 0.17921875 0.2656203703703704 0.009255208333333332 0.013398148148148149
1 0.17334895833333333 0.2581296296296296 0.008557291666666666 0.014324074074074074
1 0.147921875 0.2578888888888889 0.008838541666666666 0.014444444444444444
1 0.15256770833333333 0.23992592592592593 0.009135416666666667 0.0105
1 0.1514375 0.2311851851851852 0.006864583333333333 0.009916666666666667
1 0.1908645833333333 0.2602962962962963 0.008718749999999999 0.011259259259259259
1 0.18702604166666664 0.2552037037037037 0.008546875 0.010851851851851852
1 0.16968750000000002 0.24766666666666667 0.0063750000000000005 0.01087037037037037
1 0.18238541666666666 0.24775 0.008765624999999999 0.014592592592592593
1 0.177671875 0.24221296296296294 0.007333333333333333 0.012416666666666666