1 0.3328125 0.7736111111111111 0.07604166666666666 0.11203703703703703
1 0.5609375 0.4875 0.05625 0.05648148148148148
1 0.3848958333333333 0.6231481481481481 0.05520833333333333 0.07962962962962963
1 0.3390625 0.4601851851851852 0.036458333333333336 0.046296296296296294
1 0.76484375 0.8013888888888889 0.1203125 0.13796296296296295
1 0.18958333333333333 0.4986111111111111 0.030208333333333334 0.049074074074074076
1 0.27265625 0.4351851851851852 0.0296875 0.040740740740740744
1 0.3997395833333333 0.38287037037037036 0.0390625 0.05092592592592592
1 0.47734375 0.4125 0.0390625 0.04722222222222222
1 0.2109375 0.38981481481481484 0.025 0.037037037037037035
1 0.4075520833333333 0.3282407407407407 0.025520833333333333 0.026851851851851852
1 0.7182291666666667 0.4013888888888889 0.020833333333333332 0.030555555555555555
1 0.46197916666666666 0.34814814814814815 0.027083333333333334 0.027777777777777776
1 0.8247395833333333 0.500462962962963 0.0578125 0.06018518518518518
1 0.16953125 0.3439814814814815 0.0140625 0.025
1 0.6817708333333333 0.3814814814814815 0.029166666666666667 0.044444444444444446
1 0.9192708333333334 0.14907407407407408 0.051041666666666666 0.06481481481481481
1 0.20624479166666668 0.3078148148148148 0.015416666666666667 0.01887962962962963
1 0.23020833333333332 0.3125 0.014583333333333334 0.019444444444444445
1 0.18828125 0.3263888888888889 0.015104166666666667 0.021296296296296296
1 0.7565104166666666 0.43657407407407406 0.03802083333333333 0.03425925925925926
1 0.6020833333333333 0.46435185185185185 0.06354166666666666 0.06944444444444445
1 0.34961458333333334 0.35203703703703704 0.028859375 0.03512962962962963
1 0.29314062500000004 0.32983333333333337 0.02186979166666667 0.027703703703703706
1 0.2638020833333333 0.28770370370370374 0.01963541666666667 0.022657407407407407
1 0.21869791666666666 0.2974537037037037 0.013348958333333332 0.018842592592592595
1 0.16259895833333332 0.2972314814814815 0.012296875 0.02059259259259259
2 0.16829166666666667 0.3115925925925926 0.007822916666666667 0.021527777777777778
1 0.17658333333333334 0.2869537037037037 0.010833333333333334 0.014805555555555556
1 0.1865416666666667 0.27673148148148147 0.009250000000000001 0.013472222222222222
1 0.20009375000000001 0.28674074074074074 0.009348958333333332 0.011935185185185186
1 0.20140624999999998 0.27373148148148146 0.009489583333333333 0.014333333333333333
3 0.16628125 0.26575 0.010078125 0.0165
1 0.17863541666666669 0.2647129629629629 0.009427083333333334 0.012953703703703703
1 0.19034895833333335 0.2596388888888889 0.009421875 0.013092592592592593
1 0.18352083333333333 0.2521574074074074 0.009552083333333333 0.013324074074074075
1 0.15190625000000002 0.26728703703703705 0.011645833333333333 0.014666666666666666
1 0.149078125 0.2549074074074074 0.010125 0.012462962962962964
1 0.15782812499999999 0.2481851851851852 0.011557291666666667 0.013842592592592592
1 0.15452604166666667 0.24021296296296296 0.009921875 0.010527777777777777
1 0.1650208333333333 0.24206481481481482 0.008927083333333334 0.01275
1 0.17664583333333334 0.2404722222222222 0.008484374999999999 0.010527777777777777
1 0.14013020833333334 0.22599074074074074 0.007421875 0.01113888888888889
1 0.151109375 0.23033333333333333 0.007348958333333333 0.012240740740740741
1 0.162390625 0.22592592592592592 0.0056875 0.009203703703703704
1 0.16734895833333333 0.21912037037037038 0.007854166666666667 0.013814814814814814
1 0.23538020833333334 0.2603425925925926 0.013177083333333334 0.016694444444444446
1 0.23936979166666666 0.24974074074074076 0.0076458333333333335 0.011462962962962963
1 0.24610416666666665 0.24306481481481482 0.0089375 0.011722222222222222
1 0.234953125 0.23163888888888887 0.008906250000000001 0.01113888888888889
1 0.24013020833333334 0.23683333333333334 0.009520833333333334 0.01038888888888889
1 0.2547291666666667 0.22341666666666665 0.010182291666666668 0.012
1 0.2596354166666667 0.2501111111111111 0.011651041666666667 0.009731481481481482
1 0.2662864583333333 0.25882407407407404 0.010687499999999999 0.015398148148148147
1 0.283171875 0.2745925925925926 0.01592708333333333 0.019722222222222224
1 0.2828541666666667 0.24824074074074076 0.011119791666666667 0.013407407407407408
1 0.2801197916666667 0.23798148148148146 0.009473958333333334 0.011435185185185185
1 0.26269270833333336 0.23572222222222222 0.008026041666666667 0.01125
1 0.26882291666666663 0.22924074074074074 0.008104166666666668 0.010666666666666666
1 0.307875 0.2871574074074074 0.01628125 0.021972222222222223
2 0.324984375 0.3329166666666667 0.009369791666666665 0.029796296296296296
1 0.34493229166666667 0.29942592592592593 0.014895833333333334 0.01990740740740741
1 0.37421354166666665 0.31271296296296297 0.016046875 0.022351851851851852
1 0.14861979166666667 0.2109351851851852 0.0063437499999999996 0.009314814814814816