3 0.1234375 0.6606481481481481 0.19270833333333334 0.2361111111111111
3 0.6380208333333334 0.8814814814814815 0.09375 0.1814814814814815
3 0.4276041666666667 0.5023148148148148 0.08333333333333333 0.12685185185185185
3 0.23776041666666667 0.4546296296296296 0.04114583333333333 0.046296296296296294
1 0.6458333333333334 0.4824074074074074 0.0375 0.05
1 0.6119791666666666 0.6782407407407407 0.0625 0.08425925925925926
1 0.5979166666666667 0.38796296296296295 0.029166666666666667 0.03518518518518519
1 0.4205729166666667 0.3972222222222222 0.03802083333333333 0.037037037037037035
1 0.5388020833333333 0.43796296296296294 0.0421875 0.046296296296296294
1 0.46901041666666665 0.3773148148148148 0.033854166666666664 0.032407407407407406
1 0.7166666666666667 0.4949074074074074 0.034375 0.058333333333333334
1 0.35598958333333336 0.42777777777777776 0.04010416666666667 0.040740740740740744
1 0.5088541666666667 0.36018518518518516 0.028125 0.03148148148148148
1 0.5497395833333333 0.3449074074074074 0.024479166666666666 0.025
1 0.7265625 0.4375 0.028125 0.04351851851851852
1 0.5950520833333334 0.3263888888888889 0.0203125 0.023148148148148147
1 0.834375 0.36342592592592593 0.015625 0.025
1 0.6716145833333333 0.337037037037037 0.0203125 0.025925925925925925
2 0.7269687499999999 0.3895462962962963 0.009062500000000048 0.03634259259259259
1 0.725 0.3731481481481482 0.022916666666666665 0.02962962962962963
1 0.2794270833333333 0.3939814814814815 0.0140625 0.023148148148148147
1 0.8203125 0.43657407407407406 0.026041666666666668 0.05648148148148148
1 0.7817708333333333 0.42453703703703705 0.025 0.03796296296296296
1 0.70078125 0.33796296296296297 0.019270833333333334 0.025925925925925925
1 0.7861979166666667 0.3875 0.0203125 0.041666666666666664
1 0.6328125 0.3449074074074074 0.021875 0.028703703703703703
1 0.30390625 0.3837962962962963 0.0171875 0.030555555555555555
1 0.6924479166666667 0.32083333333333336 0.0171875 0.021296296296296296
1 0.778125 0.34120370370370373 0.015625 0.032407407407407406
1 0.32421875 0.3763888888888889 0.015104166666666667 0.030555555555555555
1 0.8046875 0.3449074074074074 0.015625 0.032407407407407406
1 0.6614583333333334 0.2986111111111111 0.014583333333333334 0.017592592592592594
1 0.72578125 0.31805555555555554 0.015104166666666667 0.021296296296296296
1 0.7619791666666667 0.4671296296296296 0.010416666666666666 0.041666666666666664
1 0.6337916666666668 0.3321944444444444 0.02028125000000003 0.02379629629629634
1 0.6390625 0.30787037037037035 0.016666666666666666 0.023148148148148147
1 0.7947916666666667 0.36435185185185187 0.017708333333333333 0.03796296296296296
1 0.8359375 0.31851851851851853 0.011458333333333333 0.022222222222222223
1 0.61875 0.31851851851851853 0.017708333333333333 0.016666666666666666
2 0.7622968750000001 0.3228148148148148 0.006031249999999962 0.02412962962962958
2 0.720828125 0.28608333333333336 0.0047239583333334185 0.017907407407407438
1 0.856734375 0.24330555555555552 0.007151041666666676 0.014444444444444466
1 0.8596354166666667 0.23448148148148149 0.007874999999999943 0.013564814814814793
1 0.8472135416666667 0.23580555555555555 0.009499999999999887 0.020092592592592582
2 0.8470156249999999 0.2177222222222222 0.0035468749999999715 0.009518518518518494
1 0.8377604166666667 0.30710185185185185 0.012703124999999933 0.018268518518518535
1 0.8421510416666667 0.29587962962962966 0.011739583333333314 0.018046296296296303
1 0.8209895833333333 0.2961944444444444 0.014208333333333437 0.018675925925925888
3 0.8105520833333333 0.31594444444444447 0.020416666666666573 0.048092592592592645
1 0.8137239583333333 0.27840740740740744 0.009989583333333248 0.016453703703703686
1 0.7913281249999999 0.28329629629629627 0.011807291666666704 0.020657407407407357
1 0.7855885416666666 0.3292037037037037 0.016249999999999907 0.024962962962962996
1 0.75215625 0.2774814814814815 0.012791666666666639 0.021537037037037028
1 0.7613177083333333 0.2665925925925926 0.011401041666666601 0.017842592592592577
1 0.7569791666666668 0.25649074074074074 0.010848958333333296 0.013101851851851832
1 0.7737395833333333 0.2675740740740741 0.009864583333333362 0.01795370370370369
1 0.8459947916666667 0.27644444444444444 0.009031250000000076 0.017499999999999977
1 0.834265625 0.26864814814814814 0.009999999999999905 0.01997222222222227
1 0.8536302083333334 0.2537222222222222 0.007552083333333333 0.01592592592592597
1 0.8401145833333333 0.25600925925925927 0.008458333333333219 0.016620370370370414
1 0.8279739583333333 0.2542037037037037 0.010239583333333257 0.016888888888888898
1 0.8414947916666667 0.22750925925925927 0.007145833333333229 0.01381481481481483
1 0.8310520833333332 0.22897222222222222 0.007718750000000085 0.016740740740740726
1 0.8378333333333333 0.20492592592592593 0.0057604166666666385 0.0125
1 0.7415104166666667 0.22522222222222224 0.008286458333333257 0.013111111111111134
3 0.7303489583333334 0.2566481481481482 0.019723958333333277 0.026944444444444465
1 0.7344479166666666 0.2293425925925926 0.009343750000000029 0.017481481481481476
3 0.7047656250000001 0.26722222222222225 0.019359375000000036 0.0313055555555555
3 0.7140729166666666 0.2364074074074074 0.013088541666666724 0.02258333333333332
1 0.80125 0.3052037037037037 0.011067708333333334 0.020870370370370338
1 0.8044583333333333 0.2883611111111111 0.011109374999999961 0.019675925925925927
1 0.8600677083333333 0.22471296296296295 0.007203124999999962 0.011222222222222227