1 0.84296875 0.8921296296296296 0.12135416666666667 0.1527777777777778
1 0.6028645833333334 0.925 0.10885416666666667 0.14444444444444443
1 0.6036458333333333 0.6388888888888888 0.07395833333333333 0.09074074074074075
1 0.24739583333333334 0.4935185185185185 0.036458333333333336 0.07407407407407407
1 0.3072916666666667 0.6694444444444444 0.06666666666666667 0.12407407407407407
1 0.4046875 0.5648148148148148 0.05 0.06111111111111111
1 0.25729166666666664 0.9060185185185186 0.084375 0.18425925925925926
1 0.42265625 0.4486111111111111 0.04114583333333333 0.06018518518518518
1 0.5403645833333334 0.5 0.058854166666666666 0.07592592592592592
1 0.6338541666666667 0.4111111111111111 0.053125 0.06296296296296296
1 0.171875 0.3768518518518518 0.017708333333333333 0.03518518518518519
1 0.38333333333333336 0.37824074074074077 0.026041666666666668 0.03425925925925926
1 0.5447916666666667 0.4625 0.046875 0.058333333333333334
1 0.5010416666666667 0.412962962962963 0.034375 0.03888888888888889
1 0.32890625 0.3597222222222222 0.025520833333333333 0.04537037037037037
1 0.4921875 0.3592592592592593 0.028125 0.02962962962962963
1 0.4171875 0.3314814814814815 0.021875 0.022222222222222223
1 0.23072916666666668 0.3592592592592593 0.017708333333333333 0.025925925925925925
1 0.83046875 0.5013888888888889 0.0578125 0.06574074074074074
1 0.19973958333333333 0.3675925925925926 0.0171875 0.025925925925925925
1 0.7361979166666667 0.3509259259259259 0.0203125 0.027777777777777776
1 0.16692708333333334 0.3375 0.0140625 0.021296296296296296
1 0.22994791666666667 0.31342592592592594 0.0140625 0.023148148148148147
1 0.41484375 0.9847222222222223 0.09322916666666667 0.026851851851851852
1 0.2708333333333333 0.30972222222222223 0.014583333333333334 0.019444444444444445
1 0.2125 0.3199074074074074 0.0125 0.023148148148148147
1 0.6984375 0.3888888888888889 0.016666666666666666 0.024074074074074074
1 0.21276041666666667 0.2916666666666667 0.009895833333333333 0.014814814814814815
1 0.6997395833333333 0.3472222222222222 0.015104166666666667 0.018518518518518517
1 0.19244791666666666 0.2865740740740741 0.009895833333333333 0.01574074074074074
1 0.2911458333333333 0.29259259259259257 0.014583333333333334 0.016666666666666666
1 0.7221354166666667 0.39537037037037037 0.016145833333333335 0.03148148148148148
1 0.3125 0.2847222222222222 0.0125 0.017592592592592594
1 0.6809895833333334 0.3773148148148148 0.022395833333333334 0.03796296296296296
1 0.30520833333333336 0.3189814814814815 0.017708333333333333 0.021296296296296296
1 0.7291666666666666 0.3851851851851852 0.014583333333333334 0.02962962962962963
1 0.18958333333333333 0.32916666666666666 0.0125 0.021296296296296296
1 0.37209375 0.3305370370370371 0.02275 0.030796296296296294
1 0.36953125 0.3111111111111111 0.0171875 0.018518518518518517
1 0.1828125 0.30833333333333335 0.011458333333333333 0.020370370370370372
1 0.1625 0.29505555555555557 0.010984375 0.017722222222222223
3 0.17958854166666666 0.29756481481481484 0.010989583333333334 0.025879629629629627
1 0.17564062500000002 0.28617592592592594 0.010161458333333335 0.01723148148148148
3 0.16606249999999997 0.2621388888888889 0.013213541666666667 0.030638888888888893
1 0.1735833333333333 0.2556296296296296 0.009286458333333332 0.01375
0 0.14957291666666667 0.259212962962963 0.009875 0.019342592592592592
3 0.15876041666666665 0.24628703703703705 0.010572916666666666 0.023342592592592592
1 0.15261979166666664 0.2377314814814815 0.007130208333333333 0.013555555555555557
1 0.16908333333333334 0.24521296296296294 0.008531249999999999 0.011240740740740742
1 0.16019270833333332 0.23037962962962963 0.006953125 0.009861111111111112
1 0.14168750000000002 0.23017592592592592 0.0067708333333333336 0.012064814814814815
1 0.16804687499999998 0.2232037037037037 0.007052083333333333 0.014888888888888887
1 0.13720833333333332 0.2198611111111111 0.006119791666666667 0.01000925925925926
1 0.14934375 0.21435185185185185 0.007640625 0.017083333333333332
1 0.14111458333333332 0.20716666666666667 0.008364583333333333 0.014287037037037037
1 0.157640625 0.2132777777777778 0.006270833333333333 0.008657407407407407
2 0.18246354166666665 0.25056481481481485 0.00378125 0.01462037037037037
2 0.3552604166666667 0.3010462962962963 0.009083333333333334 0.0202962962962963
1 0.30263541666666666 0.3013703703703704 0.014739583333333334 0.020935185185185185
1 0.27431770833333335 0.2970277777777778 0.015192708333333334 0.01937037037037037
1 0.260828125 0.28450925925925924 0.01403125 0.02082407407407407
1 0.27264583333333337 0.2796944444444444 0.013302083333333332 0.020259259259259258
1 0.2498125 0.27425 0.013817708333333335 0.015833333333333335
2 0.259375 0.2665277777777778 0.0064062500000000005 0.0165462962962963
1 0.23025520833333332 0.27319444444444446 0.011432291666666667 0.01566666666666667
2 0.23613020833333334 0.27162962962962967 0.004640625 0.013175925925925926
1 0.23353125 0.2597777777777778 0.011807291666666667 0.014685185185185185
1 0.2507552083333333 0.24767592592592594 0.009526041666666667 0.016981481481481483
1 0.26385416666666667 0.2548518518518519 0.010630208333333334 0.01647222222222222
1 0.27066666666666667 0.26619444444444446 0.008984375 0.017814814814814815
1 0.23654687500000002 0.2436666666666667 0.011286458333333334 0.01737962962962963
1 0.268078125 0.23929629629629628 0.008531249999999999 0.010564814814814815
1 0.27732812500000004 0.23525 0.009583333333333333 0.011518518518518518
1 0.16649479166666667 0.21363888888888888 0.006583333333333333 0.007453703703703705
1 0.1555 0.2046574074074074 0.006229166666666667 0.009268518518518518
2 0.16234895833333332 0.2071574074074074 0.001994791666666667 0.006564814814814815
1 0.1616875 0.19646296296296298 0.006859375 0.011555555555555557
1 0.23826041666666667 0.21871296296296297 0.00728125 0.012546296296296297
1 0.2576510416666667 0.23049074074074075 0.007015625 0.014555555555555556
1 0.26356250000000003 0.22660185185185183 0.006729166666666666 0.012759259259259258
1 0.30006770833333335 0.24712962962962962 0.014432291666666668 0.017916666666666668