2 0.058333333333333334 0.38842592592592595 0.03125 0.04351851851851852
3 0.58203125 0.5342592592592592 0.0765625 0.21851851851851853
3 0.09635416666666667 0.3263888888888889 0.04375 0.06388888888888888
3 0.5463541666666667 0.18009259259259258 0.03125 0.062037037037037036
1 0.44114583333333335 0.7722222222222223 0.08229166666666667 0.15555555555555556
1 0.6950520833333333 0.6453703703703704 0.07135416666666666 0.14629629629629629
1 0.2359375 0.9050925925925926 0.12083333333333333 0.18611111111111112
1 0.42734375 0.47175925925925927 0.049479166666666664 0.08055555555555556
1 0.30911458333333336 0.43333333333333335 0.04739583333333333 0.06481481481481481
1 0.07291666666666667 0.8050925925925926 0.10208333333333333 0.11574074074074074
1 0.058333333333333334 0.5092592592592593 0.06145833333333333 0.06666666666666667
1 0.4588541666666667 0.34074074074074073 0.0375 0.05740740740740741
1 0.20130208333333333 0.41759259259259257 0.0484375 0.06481481481481481
1 0.37786458333333334 0.30185185185185187 0.0328125 0.04814814814814815
1 0.23307291666666666 0.5671296296296297 0.06510416666666667 0.08425925925925926
1 0.16588541666666667 0.5407407407407407 0.06510416666666667 0.08518518518518518
1 0.14921875 0.3976851851851852 0.04739583333333333 0.062037037037037036
1 0.12083333333333333 0.5138888888888888 0.06145833333333333 0.07962962962962963
1 0.26458333333333334 0.32083333333333336 0.03958333333333333 0.06759259259259259
1 0.026041666666666668 0.7337962962962963 0.052083333333333336 0.14722222222222223
1 0.521875 0.2351851851851852 0.026041666666666668 0.04259259259259259
1 0.3580729166666667 0.23564814814814813 0.025520833333333333 0.032407407407407406
1 0.47317708333333336 0.2569444444444444 0.027604166666666666 0.04351851851851852
1 0.19739583333333333 0.3194444444444444 0.036458333333333336 0.06481481481481481
1 0.31640625 0.31527777777777777 0.03802083333333333 0.06944444444444445
1 0.23229166666666667 0.25092592592592594 0.021875 0.03518518518518519
1 0.5106770833333333 0.20555555555555555 0.024479166666666666 0.03518518518518519
1 0.30364583333333334 0.26666666666666666 0.03229166666666667 0.05
1 0.29635416666666664 0.21157407407407408 0.020833333333333332 0.026851851851851852
1 0.4669270833333333 0.21712962962962962 0.0234375 0.03425925925925926
1 0.5223958333333333 0.1398148148148148 0.015625 0.020370370370370372
1 0.07760416666666667 0.36574074074074076 0.0375 0.044444444444444446
1 0.40182291666666664 0.20416666666666666 0.0203125 0.030555555555555555
1 0.4940104166666667 0.1814814814814815 0.0203125 0.02962962962962963
1 0.3229166666666667 0.22870370370370371 0.021875 0.03333333333333333
1 0.33229166666666665 0.19953703703703704 0.019791666666666666 0.032407407407407406
1 0.8208333333333333 0.2916666666666667 0.023958333333333335 0.024074074074074074
1 0.23645833333333333 0.2152777777777778 0.017708333333333333 0.026851851851851852
1 0.18932291666666667 0.26805555555555555 0.0234375 0.03425925925925926
1 0.48046875 0.16018518518518518 0.018229166666666668 0.025925925925925925
1 0.8703125 0.3148148148148148 0.020833333333333332 0.03333333333333333
1 0.46197916666666666 0.1935185185185185 0.022916666666666665 0.03148148148148148
1 0.4036458333333333 0.18101851851851852 0.021875 0.028703703703703703
1 0.3684895833333333 0.18055555555555555 0.016145833333333335 0.025925925925925925
1 0.4515625 0.16574074074074074 0.017708333333333333 0.025925925925925925
1 0.33958333333333335 0.17314814814814813 0.016666666666666666 0.022222222222222223
1 0.19244791666666666 0.23935185185185184 0.021354166666666667 0.030555555555555555
1 0.20338541666666668 0.21342592592592594 0.018229166666666668 0.028703703703703703
3 0.32211979166666665 0.15121296296296297 0.019489583333333334 0.04412962962962963
1 0.3177083333333333 0.17083333333333334 0.015625 0.021296296296296296
1 0.400625 0.15975 0.015401041666666667 0.02013888888888889
1 0.39250520833333336 0.15624074074074074 0.012703125000000001 0.01999074074074074
1 0.43985416666666666 0.15442592592592594 0.014984375 0.026694444444444444
1 0.45147395833333337 0.1426666666666667 0.015479166666666665 0.021222222222222222
1 0.4685885416666667 0.1411296296296296 0.014380208333333333 0.01900925925925926
1 0.43109375 0.1450462962962963 0.012453125 0.01738888888888889
1 0.37853125 0.15041666666666664 0.007500000000000001 0.015231481481481481
1 0.3852760416666667 0.14712962962962964 0.01034375 0.01898148148148148
1 0.3671875 0.1606574074074074 0.013848958333333333 0.01935185185185185
1 0.344421875 0.1635925925925926 0.013802083333333333 0.020925925925925928
1 0.35542708333333334 0.15533333333333332 0.012104166666666666 0.01387962962962963
1 0.42108333333333337 0.1376388888888889 0.014697916666666666 0.015472222222222222
1 0.404875 0.12757407407407406 0.0074375 0.011694444444444445
1 0.36425520833333336 0.14510185185185187 0.009916666666666666 0.014055555555555556
1 0.351375 0.14351851851851852 0.009317708333333334 0.010898148148148148
1 0.36155208333333333 0.13430555555555557 0.009838541666666667 0.015694444444444445
1 0.20979166666666668 0.17021296296296298 0.014713541666666666 0.02014814814814815
1 0.221734375 0.17787037037037037 0.015348958333333333 0.021675925925925925
1 0.21923958333333332 0.18656481481481482 0.012296875 0.02012962962962963
1 0.24000000000000002 0.18925925925925927 0.017005208333333334 0.03067592592592593
1 0.21144270833333334 0.19574074074074074 0.017041666666666667 0.024703703703703703
1 0.23122916666666665 0.16364814814814815 0.013026041666666667 0.019064814814814816
1 0.24451041666666665 0.17930555555555555 0.016338541666666668 0.02626851851851852
1 0.8530208333333333 0.2720648148148148 0.04005729166666667 0.03785185185185185