1 0.5533854166666666 0.21342592592592594 0.0359375 0.04537037037037037
3 0.68203125 0.7953703703703704 0.1109375 0.37037037037037035
1 0.30026041666666664 0.7981481481481482 0.10260416666666666 0.17037037037037037
1 0.23802083333333332 0.5199074074074074 0.06354166666666666 0.0824074074074074
1 0.5557291666666667 0.7620370370370371 0.08854166666666667 0.19814814814814816
1 0.18411458333333333 0.35 0.03802083333333333 0.04814814814814815
1 0.06536458333333334 0.42592592592592593 0.049479166666666664 0.05740740740740741
1 0.3411458333333333 0.37453703703703706 0.042708333333333334 0.05277777777777778
1 0.6375 0.2763888888888889 0.03854166666666667 0.05648148148148148
1 0.06536458333333334 0.4824074074074074 0.059895833333333336 0.07222222222222222
1 0.1171875 0.35462962962962963 0.040625 0.05555555555555555
2 0.44583333333333336 0.7611111111111111 0.03958333333333333 0.13148148148148148
1 0.36380208333333336 0.23194444444444445 0.0234375 0.03611111111111111
1 0.22942708333333334 0.2675925925925926 0.024479166666666666 0.03888888888888889
1 0.14921875 0.3194444444444444 0.034895833333333334 0.04259259259259259
1 0.5575520833333333 0.1685185185185185 0.024479166666666666 0.03148148148148148
1 0.3111979166666667 0.24675925925925926 0.0234375 0.041666666666666664
1 0.3958333333333333 0.2111111111111111 0.022916666666666665 0.037037037037037035
1 0.4825520833333333 0.15925925925925927 0.018229166666666668 0.024074074074074074
1 0.3984375 0.18101851851851852 0.017708333333333333 0.023148148148148147
3 0.26445833333333335 0.30664814814814817 0.05259895833333333 0.09546296296296296
1 0.23723958333333334 0.18796296296296297 0.018229166666666668 0.025925925925925925
1 0.3875 0.1486111111111111 0.021875 0.023148148148148147
1 0.20052083333333334 0.1638888888888889 0.014583333333333334 0.022222222222222223
1 0.3341145833333333 0.19027777777777777 0.019270833333333334 0.028703703703703703
1 0.3671875 0.16712962962962963 0.015625 0.025
1 0.20520833333333333 0.2050925925925926 0.017708333333333333 0.028703703703703703
1 0.28046875 0.17592592592592593 0.034895833333333334 0.03518518518518519
1 0.3377604166666667 0.2074074074074074 0.021354166666666667 0.02962962962962963
1 0.24222916666666666 0.1685925925925926 0.015041666666666667 0.01740740740740741
1 0.22983854166666667 0.1628888888888889 0.015484375 0.022574074074074073
1 0.32544791666666667 0.1625740740740741 0.013125 0.017074074074074075
1 0.32984895833333333 0.1586388888888889 0.010963541666666667 0.017018518518518516
1 0.33689583333333334 0.13346296296296295 0.008604166666666666 0.013444444444444445
1 0.31813020833333333 0.14326851851851852 0.0072656249999999995 0.010638888888888889
2 0.34265104166666666 0.17000925925925928 0.005859375 0.016351851851851854
1 0.34315625 0.15866666666666668 0.009057291666666667 0.013166666666666667
1 0.35785937500000004 0.15913888888888889 0.011598958333333333 0.016064814814814816
1 0.36549479166666665 0.14410185185185184 0.012057291666666666 0.016203703703703703
1 0.4647395833333333 0.1380185185185185 0.014041666666666668 0.024425925925925924
1 0.21536458333333333 0.1973425925925926 0.013713541666666666 0.021361111111111112