2 0.3 0.9625 0.035416666666666666 0.07314814814814814
1 0.3294270833333333 0.7537037037037037 0.08697916666666666 0.13333333333333333
1 0.3807291666666667 0.9069444444444444 0.11875 0.1824074074074074
1 0.5466145833333333 0.8611111111111112 0.09322916666666667 0.21666666666666667
1 0.10078125 0.6175925925925926 0.07447916666666667 0.09814814814814815
1 0.4630208333333333 0.7240740740740741 0.07604166666666666 0.12962962962962962
1 0.6799479166666667 0.25324074074074077 0.033854166666666664 0.049074074074074076
1 0.23541666666666666 0.9337962962962963 0.11145833333333334 0.1287037037037037
1 0.396875 0.5875 0.065625 0.10462962962962963
1 0.12369791666666667 0.4375 0.05260416666666667 0.062037037037037036
1 0.5934895833333333 0.41574074074074074 0.0453125 0.08148148148148149
1 0.575 0.6689814814814815 0.06875 0.12314814814814815
1 0.045572916666666664 0.5125 0.0578125 0.0712962962962963
1 0.4984375 0.5675925925925925 0.0625 0.1111111111111111
1 0.5875 0.5361111111111111 0.059375 0.10740740740740741
1 0.34713541666666664 0.25 0.0265625 0.03888888888888889
1 0.42994791666666665 0.4666666666666667 0.0546875 0.08888888888888889
1 0.6377604166666667 0.275 0.03177083333333333 0.05
1 0.44973958333333336 0.3800925925925926 0.04010416666666667 0.06759259259259259
1 0.16328125 0.3685185185185185 0.04010416666666667 0.05555555555555555
1 0.18984375 0.43287037037037035 0.05364583333333333 0.075
1 0.5080729166666667 0.4689814814814815 0.0515625 0.08981481481481482
1 0.5244791666666667 0.3851851851851852 0.040625 0.07222222222222222
1 0.6127604166666667 0.2273148148148148 0.028645833333333332 0.041666666666666664
1 0.5260416666666666 0.3277777777777778 0.0375 0.05740740740740741
1 0.4622395833333333 0.32222222222222224 0.034895833333333334 0.053703703703703705
1 0.39348958333333334 0.23981481481481481 0.024479166666666666 0.037037037037037035
1 0.46979166666666666 0.2712962962962963 0.029166666666666667 0.044444444444444446
1 0.5809895833333333 0.3143518518518518 0.0359375 0.06944444444444445
1 0.19895833333333332 0.31666666666666665 0.03125 0.046296296296296294
1 0.56484375 0.2222222222222222 0.0265625 0.05185185185185185
1 0.5817708333333333 0.18425925925925926 0.023958333333333335 0.03333333333333333
1 0.3734375 0.22268518518518518 0.022916666666666665 0.032407407407407406
1 0.5213541666666667 0.27824074074074073 0.03229166666666667 0.049074074074074076
1 0.8216145833333334 0.2763888888888889 0.04010416666666667 0.025
1 0.22265625 0.2726851851851852 0.0265625 0.04351851851851852
1 0.5260416666666666 0.24305555555555555 0.029166666666666667 0.03981481481481482
1 0.47578125 0.2337962962962963 0.0234375 0.04351851851851852
1 0.5473958333333333 0.15925925925925927 0.01875 0.024074074074074074
1 0.5104166666666666 0.2050925925925926 0.023958333333333335 0.03611111111111111
2 0.21971875000000002 0.24050925925925926 0.010755208333333332 0.021342592592592594
1 0.22734375 0.23657407407407408 0.022395833333333334 0.030555555555555555
1 0.5291666666666667 0.9898148148148148 0.07083333333333333 0.018518518518518517
1 0.5802083333333333 0.2800925925925926 0.036458333333333336 0.04537037037037037
1 0.5489583333333333 0.20601851851851852 0.020833333333333332 0.03611111111111111
1 0.5330729166666667 0.18055555555555555 0.022395833333333334 0.02962962962962963
1 0.46456250000000004 0.2056388888888889 0.027479166666666666 0.03302777777777778
1 0.461 0.1870277777777778 0.023072916666666665 0.024722222222222222
1 0.4536354166666667 0.17935185185185185 0.019625 0.02623148148148148
1 0.45342187500000003 0.16176851851851853 0.016046875 0.020787037037037038
1 0.44752604166666665 0.1591574074074074 0.015994791666666668 0.025203703703703704
1 0.43467187500000004 0.15050925925925926 0.014682291666666668 0.022351851851851852
1 0.5035416666666667 0.1927962962962963 0.021875 0.033851851851851855
1 0.4951041666666667 0.17625925925925928 0.021708333333333333 0.03209259259259259
1 0.480328125 0.16672222222222222 0.017458333333333336 0.025861111111111112
1 0.4789322916666666 0.15137037037037035 0.020536458333333334 0.025694444444444443
1 0.46374479166666666 0.15164814814814814 0.015000000000000001 0.021425925925925928
1 0.45559375 0.14158333333333334 0.015416666666666667 0.01814814814814815
1 0.445953125 0.14137962962962963 0.011947916666666667 0.01374074074074074
1 0.5216197916666666 0.16508333333333333 0.020088541666666668 0.03625
1 0.5048645833333334 0.156 0.016385416666666666 0.02450925925925926
1 0.496234375 0.13924074074074075 0.014036458333333333 0.01587962962962963
1 0.5067916666666666 0.13665740740740742 0.012557291666666666 0.016342592592592593
1 0.51553125 0.14125925925925925 0.016041666666666666 0.020712962962962964
1 0.5304895833333333 0.15225925925925926 0.017041666666666667 0.02263888888888889
1 0.48334375 0.13450925925925927 0.014453125 0.012842592592592591
3 0.4174375 0.12323148148148148 0.010479166666666668 0.02
1 0.39877604166666664 0.13385185185185186 0.008135416666666666 0.012231481481481482
1 0.40672916666666664 0.12896296296296297 0.007583333333333333 0.013787037037037037
1 0.37988020833333336 0.15424074074074076 0.013510416666666667 0.01937962962962963
1 0.3867760416666667 0.14913888888888888 0.012390624999999999 0.017203703703703704
0 0.3417291666666667 0.1651111111111111 0.027098958333333333 0.05938888888888889
1 0.35573958333333333 0.15524074074074073 0.010859375000000001 0.018962962962962963
1 0.32703125 0.1590648148148148 0.010369791666666666 0.02462962962962963
1 0.35174479166666667 0.14006481481481484 0.007322916666666667 0.016759259259259262
1 0.348046875 0.1307777777777778 0.0070260416666666665 0.011796296296296296
1 0.35711979166666663 0.12830555555555556 0.007411458333333333 0.010240740740740741
0 0.31923437499999996 0.14676851851851852 0.010906250000000001 0.021416666666666667
1 0.321109375 0.15875 0.009458333333333334 0.014296296296296297
1 0.336875 0.13303703703703704 0.007093749999999999 0.010972222222222222
1 0.23618229166666668 0.22603703703703704 0.02034375 0.02297222222222222
1 0.23530208333333333 0.20494444444444446 0.022260416666666668 0.03211111111111111
1 0.242609375 0.19016666666666665 0.017838541666666666 0.02330555555555556
1 0.24445312500000002 0.1743148148148148 0.017838541666666666 0.021074074074074075
1 0.22063020833333333 0.1809537037037037 0.014416666666666666 0.02234259259259259
1 0.23088020833333334 0.16458333333333333 0.015265625 0.02236111111111111
1 0.21341145833333333 0.17222222222222222 0.012260416666666666 0.019074074074074077
1 0.21351041666666667 0.159 0.017989583333333333 0.015555555555555557
1 0.18763541666666667 0.1569259259259259 0.01659375 0.019055555555555555