2 0.47890625 0.23148148148148148 0.011979166666666667 0.03148148148148148
1 0.8036458333333333 0.41203703703703703 0.06875 0.08888888888888889
1 0.6513020833333333 0.32592592592592595 0.04010416666666667 0.05925925925925926
1 0.38723958333333336 0.5712962962962963 0.06302083333333333 0.11666666666666667
1 0.03125 0.7263888888888889 0.0625 0.09907407407407408
1 0.37057291666666664 0.3023148148148148 0.0328125 0.05277777777777778
1 0.5723958333333333 0.7134259259259259 0.078125 0.18981481481481483
1 0.20677083333333332 0.46435185185185185 0.05520833333333333 0.07685185185185185
1 0.040364583333333336 0.525 0.059895833333333336 0.08333333333333333
1 0.5286458333333334 0.46435185185185185 0.051041666666666666 0.11203703703703703
1 0.60546875 0.18472222222222223 0.0265625 0.04537037037037037
1 0.47213541666666664 0.274537037037037 0.0296875 0.04722222222222222
1 0.5953125 0.387037037037037 0.046875 0.09814814814814815
1 0.12057291666666667 0.4199074074074074 0.0453125 0.058333333333333334
1 0.18072916666666666 0.2662037037037037 0.025 0.03611111111111111
1 0.5809895833333333 0.2791666666666667 0.033854166666666664 0.075
1 0.5119791666666667 0.35138888888888886 0.041666666666666664 0.08796296296296297
1 0.3072916666666667 0.28425925925925927 0.030208333333333334 0.05185185185185185
1 0.1171875 0.37824074074074077 0.042708333333333334 0.05277777777777778
1 0.28203125 0.38333333333333336 0.043229166666666666 0.06111111111111111
1 0.30885416666666665 0.20833333333333334 0.019791666666666666 0.02962962962962963
1 0.5223958333333333 0.25787037037037036 0.029166666666666667 0.04537037037037037
1 0.36171875 0.1986111111111111 0.019270833333333334 0.028703703703703703
1 0.40078125 0.2050925925925926 0.021354166666666667 0.03611111111111111
1 0.5020833333333333 0.14814814814814814 0.017708333333333333 0.03148148148148148
1 0.5489583333333333 0.2273148148148148 0.026041666666666668 0.049074074074074076
1 0.2390625 0.2898148148148148 0.03229166666666667 0.04259259259259259
1 0.22630208333333332 0.24583333333333332 0.022395833333333334 0.03425925925925926
1 0.5140625 0.21342592592592594 0.025 0.03796296296296296
1 0.19661458333333334 0.16435185185185186 0.013020833333333334 0.017592592592592594
1 0.23567708333333334 0.16666666666666666 0.013020833333333334 0.018518518518518517
1 0.5244791666666667 0.1699074074074074 0.020833333333333332 0.03611111111111111
1 0.4986979166666667 0.19444444444444445 0.022395833333333334 0.03148148148148148
1 0.23567708333333334 0.1986111111111111 0.0171875 0.032407407407407406
1 0.5776041666666667 0.1574074074074074 0.019791666666666666 0.02962962962962963
1 0.4588541666666667 0.1648148148148148 0.01875 0.03148148148148148
1 0.5557291666666667 0.1449074074074074 0.017708333333333333 0.023148148148148147
1 0.36796875 0.1699074074074074 0.016145833333333335 0.030555555555555555
1 0.4796875 0.15925925925925927 0.017708333333333333 0.025925925925925925
1 0.5416666666666666 0.18425925925925926 0.021875 0.037037037037037035
1 0.5505208333333333 0.19537037037037036 0.025 0.037037037037037035
1 0.39557291666666666 0.1787037037037037 0.0171875 0.037037037037037035
1 0.31927083333333334 0.1685185185185185 0.015625 0.022222222222222223
1 0.9901041666666667 0.5564814814814815 0.01875 0.08703703703703704
3 0.34277083333333336 0.1550462962962963 0.022447916666666668 0.04696296296296296
1 0.36885937500000004 0.1504537037037037 0.013984375 0.01575
1 0.4553125 0.1405648148148148 0.010843750000000001 0.01801851851851852
1 0.46605208333333337 0.14912962962962964 0.013416666666666667 0.02237962962962963
1 0.42728125 0.13958333333333334 0.013463541666666667 0.017203703703703704
1 0.4407916666666667 0.15613888888888888 0.016359375 0.023666666666666666
1 0.32731770833333335 0.1594537037037037 0.013052083333333332 0.01637037037037037
1 0.31435416666666666 0.13764814814814816 0.008645833333333333 0.01101851851851852
1 0.3637135416666667 0.14042592592592593 0.0095625 0.010777777777777778
1 0.41868229166666665 0.1305 0.014526041666666666 0.017592592592592594