0 0.53515625 0.13055555555555556 0.0234375 0.03518518518518519
2 0.53046875 0.21805555555555556 0.008854166666666666 0.025
3 0.7411458333333333 0.2574074074074074 0.03958333333333333 0.07962962962962963
1 0.8947916666666667 0.7291666666666666 0.09166666666666666 0.11388888888888889
1 0.4166666666666667 0.6134259259259259 0.06458333333333334 0.11574074074074074
1 0.52578125 0.5680555555555555 0.058854166666666666 0.10462962962962963
1 0.7203125 0.3787037037037037 0.042708333333333334 0.05925925925925926
1 0.8497395833333333 0.4078703703703704 0.04739583333333333 0.06759259259259259
1 0.8111979166666666 0.3282407407407407 0.034895833333333334 0.049074074074074076
1 0.9369791666666667 0.49953703703703706 0.059375 0.06759259259259259
1 0.87890625 0.5166666666666667 0.06302083333333333 0.07407407407407407
1 0.6625 0.2828703703703704 0.03229166666666667 0.05092592592592592
1 0.41432291666666665 0.3347222222222222 0.043229166666666666 0.08425925925925926
1 0.36614583333333334 0.18981481481481483 0.028125 0.046296296296296294
1 0.4940104166666667 0.1935185185185185 0.022395833333333334 0.03148148148148148
1 0.7145833333333333 0.22685185185185186 0.021875 0.03333333333333333
1 0.5453125 0.18101851851851852 0.01875 0.028703703703703703
1 0.5013020833333334 0.1375 0.016145833333333335 0.025
1 0.6674479166666667 0.19583333333333333 0.019270833333333334 0.03611111111111111
1 0.6013020833333333 0.2162037037037037 0.021354166666666667 0.03796296296296296
1 0.20651041666666667 0.26157407407407407 0.0265625 0.030555555555555555
1 0.534375 0.1962962962962963 0.021875 0.03148148148148148
1 0.7833333333333333 0.1587962962962963 0.013541666666666667 0.021296296296296296
1 0.6833333333333333 0.17222222222222222 0.014583333333333334 0.025925925925925925
1 0.76328125 0.22361111111111112 0.019270833333333334 0.030555555555555555
1 0.6033854166666667 0.17824074074074073 0.0171875 0.025
2 0.6379895833333333 0.1602037037037037 0.008171875000000028 0.024148148148148134
1 0.6235208333333333 0.14974074074074073 0.009739583333333239 0.018351851851851845
1 0.60990625 0.15359259259259259 0.014583333333333334 0.025925925925925925
1 0.7700520833333333 0.1962962962962963 0.016145833333333335 0.03148148148148148
1 0.40651041666666665 0.1699074074074074 0.0234375 0.028703703703703703
1 0.6588541666666666 0.15648148148148147 0.016666666666666666 0.03333333333333333
1 0.5700520833333333 0.14351851851851852 0.015104166666666667 0.022222222222222223
1 0.8002604166666667 0.1537037037037037 0.013020833333333334 0.020370370370370372
1 0.760453125 0.19085185185185186 0.012609375000000018 0.023805555555555538
1 0.7638020833333333 0.16666666666666666 0.013020833333333334 0.018518518518518517
1 0.6338541666666667 0.1537037037037037 0.015625 0.025925925925925925
2 0.7969791666666667 0.24529629629629632 0.011317708333333343 0.037555555555555585
1 0.7583958333333333 0.179 0.013677083333333447 0.02064814814814816
1 0.8112864583333333 0.1646388888888889 0.0155520833333334 0.01787962962962963
1 0.6797239583333334 0.16149999999999998 0.013505208333333248 0.024583333333333342
1 0.6736927083333334 0.1585185185185185 0.010968749999999972 0.019703703703703678
1 0.648234375 0.1563240740740741 0.009572916666666724 0.017462962962962975
1 0.643109375 0.13018518518518518 0.007666666666666562 0.013842592592592582
1 0.6393749999999999 0.13625925925925925 0.00905208333333339 0.011944444444444424
1 0.6478385416666667 0.12304629629629628 0.0073281250000000854 0.012546296296296307
1 0.6659635416666667 0.12338888888888888 0.008182291666666685 0.014305555555555545
1 0.6857760416666667 0.12625925925925927 0.007484374999999943 0.010324074074074053
1 0.5934479166666667 0.12936111111111112 0.009067708333333258 0.014361111111111102
1 0.5859375 0.12543518518518518 0.007666666666666562 0.010842592592592574
0 0.5683645833333333 0.13017592592592592 0.0121822916666666 0.01853703703703702
1 0.5612552083333334 0.11546296296296296 0.00958854166666659 0.013583333333333322
2 0.5203177083333334 0.1705462962962963 0.009968750000000052 0.03510185185185182