1 0.24010416666666667 0.41712962962962963 0.04791666666666667 0.06388888888888888
1 0.13203125 0.425462962962963 0.0515625 0.06574074074074074
1 0.23515625 0.20416666666666666 0.018229166666666668 0.032407407407407406
1 0.07838541666666667 0.4134259259259259 0.0484375 0.05648148148148148
1 0.3294270833333333 0.1587962962962963 0.0140625 0.021296296296296296
1 0.47369791666666666 0.1597222222222222 0.0109375 0.025
1 0.3455729166666667 0.1648148148148148 0.0140625 0.020370370370370372
1 0.3614583333333333 0.1550925925925926 0.015625 0.019444444444444445
1 0.31911458333333337 0.1298425925925926 0.01046875 0.012814814814814815
2 0.5509947916666668 0.1681111111111111 0.010645833333333334 0.03407407407407407
1 0.5396822916666667 0.14557407407407408 0.018390625 0.026287037037037036