2 0.6861979166666666 0.9546296296296296 0.03697916666666667 0.08888888888888889
3 0.42291666666666666 0.16574074074074074 0.03958333333333333 0.07592592592592592
1 0.7817708333333333 0.9481481481481482 0.11354166666666667 0.1
1 0.3 0.9324074074074075 0.09791666666666667 0.13148148148148148
1 0.5770833333333333 0.8601851851851852 0.09895833333333333 0.18888888888888888
1 0.32005208333333335 0.6819444444444445 0.07552083333333333 0.14537037037037037
1 0.40989583333333335 0.38287037037037036 0.04479166666666667 0.0712962962962963
1 0.4705729166666667 0.9092592592592592 0.0984375 0.17777777777777778
1 0.6322916666666667 0.6652777777777777 0.07395833333333333 0.11944444444444445
1 0.240625 0.36157407407407405 0.052083333333333336 0.07314814814814814
1 0.7359375 0.5166666666666667 0.057291666666666664 0.07777777777777778
1 0.3640625 0.5050925925925925 0.05625 0.09351851851851851
1 0.5330729166666667 0.6453703703703704 0.08177083333333333 0.16296296296296298
1 0.3692708333333333 0.25601851851851853 0.03229166666666667 0.04537037037037037
1 0.57890625 0.49027777777777776 0.0546875 0.08611111111111111
1 0.6104166666666667 0.2652777777777778 0.03125 0.05092592592592592
1 0.7916666666666666 0.4828703703703704 0.058333333333333334 0.0787037037037037
1 0.4236979166666667 0.24675925925925926 0.03177083333333333 0.049074074074074076
1 0.4825520833333333 0.4462962962962963 0.04739583333333333 0.09259259259259259
1 0.4796875 0.35138888888888886 0.0375 0.06018518518518518
1 0.8223958333333333 0.2828703703703704 0.027083333333333334 0.03611111111111111
1 0.6518229166666667 0.25787037037037036 0.0265625 0.041666666666666664
1 0.5333333333333333 0.3162037037037037 0.034375 0.06018518518518518
1 0.6744791666666666 0.21157407407407408 0.020833333333333332 0.028703703703703703
1 0.8114583333333333 0.40694444444444444 0.05416666666666667 0.08425925925925926
1 0.55546875 0.39444444444444443 0.0421875 0.06481481481481481
1 0.6033854166666667 0.21898148148148147 0.021354166666666667 0.03425925925925926
1 0.7861979166666667 0.18796296296296297 0.015104166666666667 0.027777777777777776
1 0.16640625 0.26296296296296295 0.028645833333333332 0.025925925925925925
1 0.94296875 0.513425925925926 0.06614583333333333 0.10277777777777777
1 0.9013020833333333 0.42962962962962964 0.05364583333333333 0.08333333333333333
1 0.5286458333333334 0.26805555555555555 0.029166666666666667 0.04351851851851852
1 0.4739583333333333 0.2601851851851852 0.03229166666666667 0.04814814814814815
1 0.4859375 0.2152777777777778 0.027083333333333334 0.03425925925925926
1 0.5265625 0.23472222222222222 0.025 0.03796296296296296
1 0.52890625 0.20601851851851852 0.024479166666666666 0.03611111111111111
1 0.49973958333333335 0.18425925925925926 0.022395833333333334 0.03518518518518519
1 0.7645833333333333 0.20879629629629629 0.01875 0.026851851851851852
1 0.7651041666666667 0.22870370370370371 0.01875 0.02962962962962963
1 0.4669270833333333 0.17777777777777778 0.0234375 0.040740740740740744
1 0.60703125 0.15555555555555556 0.016145833333333335 0.02962962962962963
1 0.67578125 0.16342592592592592 0.013020833333333334 0.017592592592592594
1 0.6549479166666666 0.15185185185185185 0.015104166666666667 0.022222222222222223
1 0.47760416666666666 0.29907407407407405 0.034375 0.053703703703703705
1 0.51953125 0.15601851851851853 0.019270833333333334 0.032407407407407406
1 0.76015625 0.18703703703703703 0.0171875 0.027777777777777776
1 0.4473958333333333 0.1685185185185185 0.014583333333333334 0.03148148148148148
1 0.7626927083333332 0.17405555555555555 0.016645833333333353 0.030064814814814787
1 0.6322916666666667 0.15412037037037035 0.012406250000000086 0.01889814814814817
1 0.6415624999999999 0.15216666666666667 0.01644270833333342 0.019537037037037058
1 0.6725937500000001 0.14822222222222223 0.008489583333333429 0.012398148148148136
1 0.6830104166666667 0.13493518518518519 0.00767708333333322 0.011592592592592576
1 0.6717916666666668 0.14141666666666666 0.00838541666666662 0.012425925925925941
3 0.6590208333333334 0.1376851851851852 0.013484374999999934 0.018601851851851828
1 0.6419010416666667 0.13336111111111112 0.008953125000000029 0.012972222222222213
1 0.5357916666666667 0.18476851851851853 0.022619791666666642 0.031731481481481465
1 0.5035520833333333 0.1522777777777778 0.017656250000000047 0.025055555555555557
1 0.49452083333333335 0.13920370370370372 0.016125000000000018 0.02770370370370372
1 0.47725520833333335 0.15007407407407408 0.014010416666666714 0.022916666666666665
1 0.46302604166666667 0.15075 0.018604166666666682 0.02124999999999999
2 0.48096875 0.1859537037037037 0.009562499999999948 0.028037037037037065
1 0.4820729166666667 0.16865740740740742 0.01417187500000002 0.022990740740740725
1 0.5321614583333333 0.1533425925925926 0.016671875000000055 0.02491666666666669
1 0.5078541666666667 0.1372962962962963 0.012453125000000042 0.018574074074074076
1 0.5173958333333333 0.13646296296296295 0.009994791666666695 0.013879629629629638
1 0.5442239583333333 0.16998148148148148 0.01939583333333322 0.03244444444444446
1 0.5501302083333334 0.16007407407407406 0.014395833333333267 0.023990740740740764
1 0.5577291666666667 0.15646296296296294 0.013687500000000104 0.025111111111111115
1 0.546453125 0.14253703703703705 0.012807291666666743 0.016953703703703707
1 0.5327864583333334 0.14000925925925928 0.016276041666666668 0.015666666666666683
3 0.5662916666666666 0.13023148148148148 0.01105208333333323 0.01808333333333336