2 0.52109375 0.23148148148148148 0.011979166666666667 0.03148148148148148
1 0.19635416666666666 0.41203703703703703 0.06875 0.08888888888888889
1 0.34869791666666666 0.32592592592592595 0.04010416666666667 0.05925925925925926
1 0.6127604166666667 0.5712962962962963 0.06302083333333333 0.11666666666666667
1 0.96875 0.7263888888888889 0.0625 0.09907407407407408
1 0.6294270833333333 0.3023148148148148 0.0328125 0.05277777777777778
1 0.4276041666666667 0.7134259259259259 0.078125 0.18981481481481483
1 0.7932291666666667 0.46435185185185185 0.05520833333333333 0.07685185185185185
1 0.9596354166666666 0.525 0.059895833333333336 0.08333333333333333
1 0.4713541666666667 0.46435185185185185 0.051041666666666666 0.11203703703703703
1 0.39453125 0.18472222222222223 0.0265625 0.04537037037037037
1 0.5278645833333333 0.274537037037037 0.0296875 0.04722222222222222
1 0.4046875 0.387037037037037 0.046875 0.09814814814814815
1 0.8794270833333333 0.4199074074074074 0.0453125 0.058333333333333334
1 0.8192708333333333 0.2662037037037037 0.025 0.03611111111111111
1 0.41901041666666666 0.2791666666666667 0.033854166666666664 0.075
1 0.48802083333333335 0.35138888888888886 0.041666666666666664 0.08796296296296297
1 0.6927083333333334 0.28425925925925927 0.030208333333333334 0.05185185185185185
1 0.8828125 0.37824074074074077 0.042708333333333334 0.05277777777777778
1 0.71796875 0.38333333333333336 0.043229166666666666 0.06111111111111111
1 0.6911458333333333 0.20833333333333334 0.019791666666666666 0.02962962962962963
1 0.47760416666666666 0.25787037037037036 0.029166666666666667 0.04537037037037037
1 0.63828125 0.1986111111111111 0.019270833333333334 0.028703703703703703
1 0.59921875 0.2050925925925926 0.021354166666666667 0.03611111111111111
1 0.4979166666666667 0.14814814814814814 0.017708333333333333 0.03148148148148148
1 0.4510416666666667 0.2273148148148148 0.026041666666666668 0.049074074074074076
1 0.7609375 0.2898148148148148 0.03229166666666667 0.04259259259259259
1 0.7736979166666667 0.24583333333333332 0.022395833333333334 0.03425925925925926
1 0.4859375 0.21342592592592594 0.025 0.03796296296296296
1 0.8033854166666666 0.16435185185185186 0.013020833333333334 0.017592592592592594
1 0.7643229166666666 0.16666666666666666 0.013020833333333334 0.018518518518518517
1 0.47552083333333334 0.1699074074074074 0.020833333333333332 0.03611111111111111
1 0.5013020833333334 0.19444444444444445 0.022395833333333334 0.03148148148148148
1 0.7643229166666666 0.1986111111111111 0.0171875 0.032407407407407406
1 0.42239583333333336 0.1574074074074074 0.019791666666666666 0.02962962962962963
1 0.5411458333333333 0.1648148148148148 0.01875 0.03148148148148148
1 0.44427083333333334 0.1449074074074074 0.017708333333333333 0.023148148148148147
1 0.63203125 0.1699074074074074 0.016145833333333335 0.030555555555555555
1 0.5203125 0.15925925925925927 0.017708333333333333 0.025925925925925925
1 0.4583333333333333 0.18425925925925926 0.021875 0.037037037037037035
1 0.44947916666666665 0.19537037037037036 0.025 0.037037037037037035
1 0.6044270833333333 0.1787037037037037 0.0171875 0.037037037037037035
1 0.6807291666666667 0.1685185185185185 0.015625 0.022222222222222223
1 0.009895833333333333 0.5564814814814815 0.01875 0.08703703703703704
3 0.6572291666666668 0.1550462962962963 0.02244791666666662 0.04696296296296299
1 0.631140625 0.1504537037037037 0.013984374999999953 0.015749999999999993
1 0.5446875 0.1405648148148148 0.010843750000000086 0.0180185185185185
1 0.5339479166666666 0.14912962962962964 0.01341666666666672 0.022379629629629645
1 0.5727187499999999 0.13958333333333334 0.013463541666666618 0.01720370370370369
1 0.5592083333333332 0.15613888888888888 0.016359374999999923 0.02366666666666667
1 0.6726822916666666 0.1594537037037037 0.013052083333333304 0.016370370370370375
1 0.6856458333333334 0.13764814814814816 0.008645833333333287 0.011018518518518497
1 0.6362864583333334 0.14042592592592593 0.009562500000000066 0.010777777777777765
1 0.5813177083333334 0.1305 0.0145260416666666 0.017592592592592594