1 0.4466145833333333 0.21342592592592594 0.0359375 0.04537037037037037
3 0.31796875 0.7953703703703704 0.1109375 0.37037037037037035
1 0.6997395833333333 0.7981481481481482 0.10260416666666666 0.17037037037037037
1 0.7619791666666667 0.5199074074074074 0.06354166666666666 0.0824074074074074
1 0.44427083333333334 0.7620370370370371 0.08854166666666667 0.19814814814814816
1 0.8158854166666667 0.35 0.03802083333333333 0.04814814814814815
1 0.9346354166666667 0.42592592592592593 0.049479166666666664 0.05740740740740741
1 0.6588541666666666 0.37453703703703706 0.042708333333333334 0.05277777777777778
1 0.3625 0.2763888888888889 0.03854166666666667 0.05648148148148148
1 0.9346354166666667 0.4824074074074074 0.059895833333333336 0.07222222222222222
1 0.8828125 0.35462962962962963 0.040625 0.05555555555555555
2 0.5541666666666667 0.7611111111111111 0.03958333333333333 0.13148148148148148
1 0.6361979166666667 0.23194444444444445 0.0234375 0.03611111111111111
1 0.7705729166666667 0.2675925925925926 0.024479166666666666 0.03888888888888889
1 0.85078125 0.3194444444444444 0.034895833333333334 0.04259259259259259
1 0.44244791666666666 0.1685185185185185 0.024479166666666666 0.03148148148148148
1 0.6888020833333334 0.24675925925925926 0.0234375 0.041666666666666664
1 0.6041666666666666 0.2111111111111111 0.022916666666666665 0.037037037037037035
1 0.5174479166666667 0.15925925925925927 0.018229166666666668 0.024074074074074074
1 0.6015625 0.18101851851851852 0.017708333333333333 0.023148148148148147
3 0.7355416666666666 0.30664814814814817 0.052598958333333216 0.09546296296296299
1 0.7627604166666667 0.18796296296296297 0.018229166666666668 0.025925925925925925
1 0.6125 0.1486111111111111 0.021875 0.023148148148148147
1 0.7994791666666666 0.1638888888888889 0.014583333333333334 0.022222222222222223
1 0.6658854166666667 0.19027777777777777 0.019270833333333334 0.028703703703703703
1 0.6328125 0.16712962962962963 0.015625 0.025
1 0.7947916666666667 0.2050925925925926 0.017708333333333333 0.028703703703703703
1 0.71953125 0.17592592592592593 0.034895833333333334 0.03518518518518519
1 0.6622395833333333 0.2074074074074074 0.021354166666666667 0.02962962962962963
1 0.7577708333333334 0.1685925925925926 0.015041666666666724 0.017407407407407417
1 0.7701614583333334 0.1628888888888889 0.01548437500000001 0.02257407407407407
1 0.6745520833333333 0.1625740740740741 0.013124999999999906 0.01707407407407407
1 0.6701510416666667 0.1586388888888889 0.010963541666666762 0.017018518518518513
1 0.6631041666666666 0.13346296296296295 0.008604166666666658 0.013444444444444427
1 0.6818697916666667 0.14326851851851852 0.007265624999999905 0.010638888888888897
2 0.6573489583333334 0.17000925925925928 0.005859375 0.016351851851851874
1 0.65684375 0.15866666666666668 0.0090572916666666 0.013166666666666691
1 0.6421406249999999 0.15913888888888889 0.011598958333333324 0.016064814814814837
1 0.6345052083333333 0.14410185185185184 0.012057291666666714 0.016203703703703703
1 0.5352604166666667 0.1380185185185185 0.014041666666666685 0.02442592592592592
1 0.7846354166666667 0.1973425925925926 0.013713541666666629 0.021361111111111105