0 0.46484375 0.13055555555555556 0.0234375 0.03518518518518519
2 0.46953125 0.21805555555555556 0.008854166666666666 0.025
3 0.25885416666666666 0.2574074074074074 0.03958333333333333 0.07962962962962963
1 0.10520833333333333 0.7291666666666666 0.09166666666666666 0.11388888888888889
1 0.5833333333333334 0.6134259259259259 0.06458333333333334 0.11574074074074074
1 0.47421875 0.5680555555555555 0.058854166666666666 0.10462962962962963
1 0.2796875 0.3787037037037037 0.042708333333333334 0.05925925925925926
1 0.15026041666666667 0.4078703703703704 0.04739583333333333 0.06759259259259259
1 0.18880208333333334 0.3282407407407407 0.034895833333333334 0.049074074074074076
1 0.06302083333333333 0.49953703703703706 0.059375 0.06759259259259259
1 0.12109375 0.5166666666666667 0.06302083333333333 0.07407407407407407
1 0.3375 0.2828703703703704 0.03229166666666667 0.05092592592592592
1 0.5856770833333333 0.3347222222222222 0.043229166666666666 0.08425925925925926
1 0.6338541666666667 0.18981481481481483 0.028125 0.046296296296296294
1 0.5059895833333333 0.1935185185185185 0.022395833333333334 0.03148148148148148
1 0.28541666666666665 0.22685185185185186 0.021875 0.03333333333333333
1 0.4546875 0.18101851851851852 0.01875 0.028703703703703703
1 0.4986979166666667 0.1375 0.016145833333333335 0.025
1 0.33255208333333336 0.19583333333333333 0.019270833333333334 0.03611111111111111
1 0.39869791666666665 0.2162037037037037 0.021354166666666667 0.03796296296296296
1 0.7934895833333333 0.26157407407407407 0.0265625 0.030555555555555555
1 0.465625 0.1962962962962963 0.021875 0.03148148148148148
1 0.21666666666666667 0.1587962962962963 0.013541666666666667 0.021296296296296296
1 0.31666666666666665 0.17222222222222222 0.014583333333333334 0.025925925925925925
1 0.23671875 0.22361111111111112 0.019270833333333334 0.030555555555555555
1 0.3966145833333333 0.17824074074074073 0.0171875 0.025
2 0.3620104166666666 0.1602037037037037 0.008171875 0.024148148148148148
1 0.3764791666666667 0.14974074074074073 0.009739583333333333 0.018351851851851852
1 0.39009375 0.15359259259259259 0.014583333333333334 0.025925925925925925
1 0.22994791666666667 0.1962962962962963 0.016145833333333335 0.03148148148148148
1 0.5934895833333333 0.1699074074074074 0.0234375 0.028703703703703703
1 0.3411458333333333 0.15648148148148147 0.016666666666666666 0.03333333333333333
1 0.42994791666666665 0.14351851851851852 0.015104166666666667 0.022222222222222223
1 0.19973958333333333 0.1537037037037037 0.013020833333333334 0.020370370370370372
1 0.239546875 0.19085185185185186 0.012609375 0.023805555555555555
1 0.23619791666666667 0.16666666666666666 0.013020833333333334 0.018518518518518517
1 0.36614583333333334 0.1537037037037037 0.015625 0.025925925925925925
2 0.20302083333333334 0.24529629629629632 0.011317708333333334 0.03755555555555556
1 0.24160416666666668 0.179 0.013677083333333334 0.020648148148148148
1 0.18871354166666665 0.1646388888888889 0.015552083333333333 0.017879629629629627
1 0.3202760416666666 0.16149999999999998 0.013505208333333333 0.024583333333333336
1 0.32630729166666667 0.1585185185185185 0.01096875 0.019703703703703706
1 0.35176562499999997 0.1563240740740741 0.009572916666666665 0.01746296296296296
1 0.356890625 0.13018518518518518 0.007666666666666667 0.013842592592592592
1 0.360625 0.13625925925925925 0.009052083333333332 0.011944444444444445
1 0.35216145833333334 0.12304629629629628 0.0073281250000000004 0.012546296296296297
1 0.33403645833333334 0.12338888888888888 0.008182291666666668 0.014305555555555556
1 0.31422395833333333 0.12625925925925927 0.007484375 0.010324074074074074
1 0.40655208333333337 0.12936111111111112 0.009067708333333334 0.014361111111111111
1 0.4140625 0.12543518518518518 0.007666666666666667 0.010842592592592593
0 0.43163541666666666 0.13017592592592592 0.012182291666666668 0.018537037037037036
1 0.43874479166666663 0.11546296296296296 0.009588541666666667 0.013583333333333333
2 0.47968229166666665 0.1705462962962963 0.00996875 0.03510185185185185