2 0.3138020833333333 0.9546296296296296 0.03697916666666667 0.08888888888888889
3 0.5770833333333333 0.16574074074074074 0.03958333333333333 0.07592592592592592
1 0.21822916666666667 0.9481481481481482 0.11354166666666667 0.1
1 0.7 0.9324074074074075 0.09791666666666667 0.13148148148148148
1 0.42291666666666666 0.8601851851851852 0.09895833333333333 0.18888888888888888
1 0.6799479166666667 0.6819444444444445 0.07552083333333333 0.14537037037037037
1 0.5901041666666667 0.38287037037037036 0.04479166666666667 0.0712962962962963
1 0.5294270833333333 0.9092592592592592 0.0984375 0.17777777777777778
1 0.36770833333333336 0.6652777777777777 0.07395833333333333 0.11944444444444445
1 0.759375 0.36157407407407405 0.052083333333333336 0.07314814814814814
1 0.2640625 0.5166666666666667 0.057291666666666664 0.07777777777777778
1 0.6359375 0.5050925925925925 0.05625 0.09351851851851851
1 0.4669270833333333 0.6453703703703704 0.08177083333333333 0.16296296296296298
1 0.6307291666666667 0.25601851851851853 0.03229166666666667 0.04537037037037037
1 0.42109375 0.49027777777777776 0.0546875 0.08611111111111111
1 0.38958333333333334 0.2652777777777778 0.03125 0.05092592592592592
1 0.20833333333333334 0.4828703703703704 0.058333333333333334 0.0787037037037037
1 0.5763020833333333 0.24675925925925926 0.03177083333333333 0.049074074074074076
1 0.5174479166666667 0.4462962962962963 0.04739583333333333 0.09259259259259259
1 0.5203125 0.35138888888888886 0.0375 0.06018518518518518
1 0.17760416666666667 0.2828703703703704 0.027083333333333334 0.03611111111111111
1 0.34817708333333336 0.25787037037037036 0.0265625 0.041666666666666664
1 0.4666666666666667 0.3162037037037037 0.034375 0.06018518518518518
1 0.3255208333333333 0.21157407407407408 0.020833333333333332 0.028703703703703703
1 0.18854166666666666 0.40694444444444444 0.05416666666666667 0.08425925925925926
1 0.44453125 0.39444444444444443 0.0421875 0.06481481481481481
1 0.3966145833333333 0.21898148148148147 0.021354166666666667 0.03425925925925926
1 0.21380208333333334 0.18796296296296297 0.015104166666666667 0.027777777777777776
1 0.83359375 0.26296296296296295 0.028645833333333332 0.025925925925925925
1 0.05703125 0.513425925925926 0.06614583333333333 0.10277777777777777
1 0.09869791666666666 0.42962962962962964 0.05364583333333333 0.08333333333333333
1 0.4713541666666667 0.26805555555555555 0.029166666666666667 0.04351851851851852
1 0.5260416666666666 0.2601851851851852 0.03229166666666667 0.04814814814814815
1 0.5140625 0.2152777777777778 0.027083333333333334 0.03425925925925926
1 0.4734375 0.23472222222222222 0.025 0.03796296296296296
1 0.47109375 0.20601851851851852 0.024479166666666666 0.03611111111111111
1 0.5002604166666667 0.18425925925925926 0.022395833333333334 0.03518518518518519
1 0.23541666666666666 0.20879629629629629 0.01875 0.026851851851851852
1 0.23489583333333333 0.22870370370370371 0.01875 0.02962962962962963
1 0.5330729166666667 0.17777777777777778 0.0234375 0.040740740740740744
1 0.39296875 0.15555555555555556 0.016145833333333335 0.02962962962962963
1 0.32421875 0.16342592592592592 0.013020833333333334 0.017592592592592594
1 0.3450520833333333 0.15185185185185185 0.015104166666666667 0.022222222222222223
1 0.5223958333333333 0.29907407407407405 0.034375 0.053703703703703705
1 0.48046875 0.15601851851851853 0.019270833333333334 0.032407407407407406
1 0.23984375 0.18703703703703703 0.0171875 0.027777777777777776
1 0.5526041666666667 0.1685185185185185 0.014583333333333334 0.03148148148148148
1 0.23730729166666667 0.17405555555555555 0.016645833333333335 0.030064814814814815
1 0.36770833333333336 0.15412037037037035 0.01240625 0.018898148148148147
1 0.3584375 0.15216666666666667 0.016442708333333333 0.019537037037037037
1 0.32740625 0.14822222222222223 0.008489583333333333 0.01239814814814815
1 0.3169895833333333 0.13493518518518519 0.0076770833333333335 0.011592592592592592
1 0.3282083333333333 0.14141666666666666 0.008385416666666668 0.012425925925925925
3 0.34097916666666667 0.1376851851851852 0.013484375 0.018601851851851852
1 0.35809895833333333 0.13336111111111112 0.008953125000000001 0.012972222222222222
1 0.46420833333333333 0.18476851851851853 0.022619791666666667 0.031731481481481486
1 0.49644791666666666 0.1522777777777778 0.01765625 0.025055555555555553
1 0.5054791666666667 0.13920370370370372 0.016125 0.027703703703703706
1 0.5227447916666667 0.15007407407407408 0.014010416666666666 0.022916666666666665
1 0.5369739583333334 0.15075 0.018604166666666665 0.021249999999999998
2 0.5190312499999999 0.1859537037037037 0.0095625 0.028037037037037037
1 0.5179270833333333 0.16865740740740742 0.014171875 0.02299074074074074
1 0.46783854166666666 0.1533425925925926 0.016671875 0.024916666666666667
1 0.49214583333333334 0.1372962962962963 0.012453125 0.018574074074074073
1 0.48260416666666667 0.13646296296296295 0.009994791666666667 0.01387962962962963
1 0.4557760416666667 0.16998148148148148 0.019395833333333334 0.03244444444444444
1 0.4498697916666667 0.16007407407407406 0.014395833333333333 0.02399074074074074
1 0.44227083333333334 0.15646296296296294 0.0136875 0.025111111111111112
1 0.45354687499999996 0.14253703703703705 0.012807291666666666 0.016953703703703703
1 0.4672135416666666 0.14000925925925928 0.016276041666666668 0.01566666666666667
3 0.43370833333333336 0.13023148148148148 0.011052083333333332 0.018083333333333333