1 0.6846354166666667 0.7666666666666667 0.0921875 0.15
1 0.9395833333333333 0.8138888888888889 0.103125 0.11851851851851852
1 0.6924479166666667 0.425462962962963 0.049479166666666664 0.07314814814814814
1 0.7458333333333333 0.34629629629629627 0.041666666666666664 0.05555555555555555
1 0.5111979166666667 0.575462962962963 0.06197916666666667 0.1175925925925926
1 0.17213541666666668 0.4134259259259259 0.0671875 0.08981481481481482
1 0.63359375 0.3314814814814815 0.04010416666666667 0.05740740740740741
1 0.6864583333333333 0.33101851851851855 0.036458333333333336 0.05648148148148148
1 0.2703125 0.3055555555555556 0.046875 0.07777777777777778
1 0.3703125 0.2726851851851852 0.0375 0.058333333333333334
1 0.7674479166666667 0.23842592592592593 0.0234375 0.03611111111111111
1 0.6075520833333333 0.22777777777777777 0.024479166666666666 0.03518518518518519
1 0.42682291666666666 0.15555555555555556 0.021354166666666667 0.02962962962962963
1 0.68984375 0.2449074074074074 0.0265625 0.04351851851851852
1 0.6989583333333333 0.2013888888888889 0.020833333333333332 0.032407407407407406
1 0.6434895833333333 0.21203703703703702 0.0234375 0.03518518518518519
1 0.79453125 0.1574074074074074 0.015104166666666667 0.020370370370370372
1 0.12760416666666666 0.5768518518518518 0.06145833333333333 0.04814814814814815
1 0.7625 0.19722222222222222 0.016666666666666666 0.027777777777777776
1 0.7661458333333333 0.1675925925925926 0.014583333333333334 0.020370370370370372
1 0.6588541666666666 0.18287037037037038 0.016666666666666666 0.026851851851851852
1 0.6057291666666667 0.1726851851851852 0.017708333333333333 0.026851851851851852
1 0.6307291666666667 0.1787037037037037 0.016666666666666666 0.02962962962962963
2 0.7991666666666667 0.21219444444444444 0.009682291666666742 0.03197222222222225
1 0.7877604166666666 0.1912037037037037 0.016145833333333335 0.021296296296296296
1 0.6544010416666667 0.16896296296296295 0.017593750000000106 0.0224351851851852
1 0.6703333333333333 0.16037962962962965 0.011552083333333248 0.01698148148148146
1 0.6536822916666668 0.15575925925925926 0.01353645833333322 0.015555555555555566
1 0.6290572916666667 0.15903703703703703 0.0171875 0.024064814814814824
1 0.61140625 0.1564259259259259 0.01182812500000002 0.015916666666666666
1 0.6008437499999999 0.15807407407407406 0.012624999999999886 0.019212962962962963
1 0.6723020833333334 0.13955555555555554 0.009260416666666771 0.01148148148148146
1 0.660359375 0.13932407407407407 0.007333333333333295 0.010046296296296317
1 0.6497135416666667 0.137 0.008291666666666704 0.009296296296296315
1 0.6350781249999999 0.13979629629629628 0.008989583333333447 0.013907407407407391
1 0.509921875 0.1692685185185185 0.02195312500000005 0.033787037037037046
1 0.5368177083333333 0.1993888888888889 0.022390624999999945 0.029740740740740745
1 0.5393333333333333 0.17064814814814816 0.023390624999999984 0.030398148148148132
1 0.5365625 0.1515462962962963 0.013380208333333362 0.017222222222222243
1 0.6119895833333333 0.14512037037037037 0.01402604166666658 0.011657407407407384
1 0.6222447916666667 0.14960185185185185 0.013369791666666705 0.01963888888888887
1 0.6630104166666667 0.12805555555555556 0.008541666666666715 0.01382407407407408
1 0.6523541666666667 0.12698148148148147 0.008333333333333333 0.010694444444444454
1 0.6414739583333334 0.1276111111111111 0.009682291666666742 0.01000000000000001
1 0.5067239583333333 0.14274074074074075 0.019692708333333305 0.01990740740740741
1 0.5311614583333333 0.1401203703703704 0.013020833333333275 0.013675925925925909
1 0.5171041666666667 0.13496296296296295 0.010593749999999957 0.012250000000000016
1 0.5494010416666666 0.14233333333333334 0.01431250000000001 0.01809259259259261