1 0.7598958333333333 0.41712962962962963 0.04791666666666667 0.06388888888888888
1 0.86796875 0.425462962962963 0.0515625 0.06574074074074074
1 0.76484375 0.20416666666666666 0.018229166666666668 0.032407407407407406
1 0.9216145833333333 0.4134259259259259 0.0484375 0.05648148148148148
1 0.6705729166666666 0.1587962962962963 0.0140625 0.021296296296296296
1 0.5263020833333333 0.1597222222222222 0.0109375 0.025
1 0.6544270833333333 0.1648148148148148 0.0140625 0.020370370370370372
1 0.6385416666666667 0.1550925925925926 0.015625 0.019444444444444445
1 0.6808854166666667 0.1298425925925926 0.010468749999999952 0.012814814814814791
2 0.4490052083333333 0.1681111111111111 0.010645833333333361 0.03407407407407408
1 0.4603177083333333 0.14557407407407408 0.018390624999999973 0.026287037037037025