1 0.31536458333333334 0.7666666666666667 0.0921875 0.15
1 0.06041666666666667 0.8138888888888889 0.103125 0.11851851851851852
1 0.30755208333333334 0.425462962962963 0.049479166666666664 0.07314814814814814
1 0.25416666666666665 0.34629629629629627 0.041666666666666664 0.05555555555555555
1 0.48880208333333336 0.575462962962963 0.06197916666666667 0.1175925925925926
1 0.8278645833333333 0.4134259259259259 0.0671875 0.08981481481481482
1 0.36640625 0.3314814814814815 0.04010416666666667 0.05740740740740741
1 0.31354166666666666 0.33101851851851855 0.036458333333333336 0.05648148148148148
1 0.7296875 0.3055555555555556 0.046875 0.07777777777777778
1 0.6296875 0.2726851851851852 0.0375 0.058333333333333334
1 0.23255208333333333 0.23842592592592593 0.0234375 0.03611111111111111
1 0.3924479166666667 0.22777777777777777 0.024479166666666666 0.03518518518518519
1 0.5731770833333333 0.15555555555555556 0.021354166666666667 0.02962962962962963
1 0.31015625 0.2449074074074074 0.0265625 0.04351851851851852
1 0.30104166666666665 0.2013888888888889 0.020833333333333332 0.032407407407407406
1 0.35651041666666666 0.21203703703703702 0.0234375 0.03518518518518519
1 0.20546875 0.1574074074074074 0.015104166666666667 0.020370370370370372
1 0.8723958333333334 0.5768518518518518 0.06145833333333333 0.04814814814814815
1 0.2375 0.19722222222222222 0.016666666666666666 0.027777777777777776
1 0.23385416666666667 0.1675925925925926 0.014583333333333334 0.020370370370370372
1 0.3411458333333333 0.18287037037037038 0.016666666666666666 0.026851851851851852
1 0.39427083333333335 0.1726851851851852 0.017708333333333333 0.026851851851851852
1 0.3692708333333333 0.1787037037037037 0.016666666666666666 0.02962962962962963
2 0.20083333333333334 0.21219444444444444 0.009682291666666667 0.03197222222222222
1 0.21223958333333334 0.1912037037037037 0.016145833333333335 0.021296296296296296
1 0.3455989583333333 0.16896296296296295 0.017593750000000002 0.022435185185185186
1 0.32966666666666666 0.16037962962962965 0.011552083333333333 0.016981481481481483
1 0.3463177083333333 0.15575925925925926 0.013536458333333333 0.015555555555555557
1 0.37094270833333337 0.15903703703703703 0.0171875 0.024064814814814813
1 0.38859375 0.1564259259259259 0.011828125 0.01591666666666667
1 0.39915625 0.15807407407407406 0.012624999999999999 0.019212962962962963
1 0.32769791666666664 0.13955555555555554 0.009260416666666667 0.011481481481481481
1 0.33964062500000003 0.13932407407407407 0.007333333333333333 0.010046296296296296
1 0.35028645833333333 0.137 0.008291666666666666 0.009296296296296296
1 0.364921875 0.13979629629629628 0.008989583333333334 0.013907407407407407
1 0.49007812500000003 0.1692685185185185 0.021953125 0.03378703703703704
1 0.46318229166666663 0.1993888888888889 0.022390625 0.029740740740740738
1 0.46066666666666667 0.17064814814814816 0.023390624999999998 0.030398148148148146
1 0.4634375 0.1515462962962963 0.013380208333333334 0.017222222222222222
1 0.3880104166666667 0.14512037037037037 0.014026041666666666 0.011657407407407408
1 0.3777552083333333 0.14960185185185185 0.013369791666666667 0.01963888888888889
1 0.33698958333333334 0.12805555555555556 0.008541666666666666 0.013824074074074074
1 0.3476458333333333 0.12698148148148147 0.008333333333333333 0.010694444444444446
1 0.3585260416666667 0.1276111111111111 0.009682291666666667 0.01
1 0.49327604166666666 0.14274074074074075 0.019692708333333333 0.01990740740740741
1 0.46883854166666666 0.1401203703703704 0.013020833333333334 0.013675925925925925
1 0.4828958333333333 0.13496296296296295 0.01059375 0.01225
1 0.4505989583333333 0.14233333333333334 0.0143125 0.01809259259259259