2 0.3268229166666667 0.3976851851851852 0.019270833333333334 0.06388888888888888
2 0.2838541666666667 0.6889444444444444 0.035416666666666666 0.12581481481481482
2 0.5005208333333333 0.1763888888888889 0.009375 0.023148148148148147
2 0.4817708333333333 0.26608333333333334 0.010416666666666666 0.043759259259259255
2 0.6872395833333333 0.19953703703703704 0.008854166666666666 0.032407407407407406
3 0.6518229166666667 0.3148148148148148 0.06302083333333333 0.12962962962962962
3 0.5447916666666667 0.16111111111111112 0.04479166666666667 0.06481481481481481
3 0.6533854166666667 0.10185185185185185 0.022395833333333334 0.037037037037037035
1 0.5755208333333334 0.36018518518518516 0.042708333333333334 0.05925925925925926
1 0.12005208333333334 0.3972222222222222 0.0578125 0.05925925925925926
1 0.3375 0.3347222222222222 0.04895833333333333 0.058333333333333334
1 0.26666666666666666 0.39675925925925926 0.05520833333333333 0.06388888888888888
1 0.29010416666666666 0.300462962962963 0.04895833333333333 0.04722222222222222
1 0.022395833333333334 0.6143518518518518 0.04479166666666667 0.10648148148148148
1 0.3611979166666667 0.2601851851851852 0.03802083333333333 0.03888888888888889
1 0.4356770833333333 0.44305555555555554 0.05677083333333333 0.08611111111111111
1 0.16692708333333334 0.4587962962962963 0.07552083333333333 0.09722222222222222
1 0.6122395833333333 0.25324074074074077 0.0296875 0.041666666666666664
1 0.48359375 0.5111111111111111 0.059895833333333336 0.08703703703703704
1 0.6080729166666666 0.1875 0.0234375 0.030555555555555555
1 0.72734375 0.23287037037037037 0.0265625 0.03981481481481482
1 0.5322916666666667 0.24722222222222223 0.029166666666666667 0.037037037037037035
1 0.73515625 0.17407407407407408 0.021354166666666667 0.02962962962962963
1 0.7033854166666667 0.21712962962962962 0.0265625 0.03611111111111111
1 0.7036458333333333 0.1699074074074074 0.020833333333333332 0.028703703703703703
1 0.6510416666666666 0.15231481481481482 0.019791666666666666 0.025
1 0.47942708333333334 0.19490740740740742 0.025520833333333333 0.028703703703703703
1 0.44765625 0.8541666666666666 0.09947916666666666 0.18055555555555555
1 0.45026041666666666 0.2310185185185185 0.0296875 0.03425925925925926
1 0.61484375 0.11944444444444445 0.0171875 0.024074074074074074
1 0.75859375 0.14583333333333334 0.018229166666666668 0.026851851851851852
1 0.7528645833333333 0.12731481481481483 0.0171875 0.019444444444444445
1 0.7953125 0.09212962962962963 0.013541666666666667 0.017592592592592594
1 0.46015625 0.2569444444444444 0.028645833333333332 0.04537037037037037
1 0.6361979166666667 0.08472222222222223 0.0140625 0.017592592592592594
1 0.5673072916666667 0.14428703703703705 0.020026041666666668 0.03501851851851852
1 0.58125 0.10324074074074074 0.016666666666666666 0.019444444444444445
1 0.7062135416666667 0.11261111111111112 0.022104166666666664 0.03176851851851852
1 0.7290416666666667 0.10062962962962964 0.018098958333333335 0.02659259259259259
1 0.4988697916666667 0.13445370370370371 0.016265625 0.0285
3 0.5282708333333334 0.12065740740740741 0.025416666666666664 0.034712962962962966
1 0.5508124999999999 0.11595370370370371 0.019796875 0.027185185185185184
3 0.6571822916666666 0.0675462962962963 0.031802083333333335 0.04494444444444445