2 0.4125 0.28194444444444444 0.0125 0.04351851851851852
3 0.5091145833333334 0.43472222222222223 0.059895833333333336 0.1361111111111111
3 0.48020833333333335 0.2023148148148148 0.03854166666666667 0.06018518518518518
1 0.18776041666666668 0.8398148148148148 0.10572916666666667 0.1537037037037037
1 0.6296875 0.4976851851851852 0.05416666666666667 0.08425925925925926
1 0.59609375 0.3236111111111111 0.04114583333333333 0.07314814814814814
1 0.2643229166666667 0.3861111111111111 0.05260416666666667 0.06481481481481481
1 0.40859375 0.5032407407407408 0.059895833333333336 0.08611111111111111
1 0.6903645833333333 0.2861111111111111 0.033854166666666664 0.06111111111111111
1 0.3338541666666667 0.27314814814814814 0.0375 0.040740740740740744
1 0.5645833333333333 0.2125 0.030208333333333334 0.03981481481481482
1 0.74765625 0.19212962962962962 0.0234375 0.041666666666666664
1 0.6434895833333333 0.22268518518518518 0.0265625 0.041666666666666664
1 0.17421875 0.46064814814814814 0.0671875 0.08796296296296297
1 0.5354166666666667 0.5935185185185186 0.07395833333333333 0.15
1 0.30494791666666665 0.4273148148148148 0.05572916666666667 0.06944444444444445
1 0.6919270833333333 0.1837962962962963 0.022395833333333334 0.030555555555555555
1 0.73125 0.14027777777777778 0.020833333333333332 0.030555555555555555
1 0.6872395833333333 0.12314814814814815 0.0171875 0.024074074074074074
1 0.33177083333333335 0.5981481481481481 0.07604166666666666 0.10740740740740741
1 0.6057291666666667 0.12037037037037036 0.017708333333333333 0.022222222222222223
1 0.39427083333333335 0.27361111111111114 0.03958333333333333 0.03981481481481482
1 0.6299479166666667 0.16666666666666666 0.022395833333333334 0.02962962962962963
1 0.6557291666666667 0.10648148148148148 0.01875 0.024074074074074074
1 0.6489583333333333 0.1259259259259259 0.019791666666666666 0.027777777777777776
1 0.6330729166666667 0.1175925925925926 0.016145833333333335 0.025925925925925925
1 0.63359375 0.09814814814814815 0.0171875 0.018518518518518517
3 0.668203125 0.08485185185185186 0.020197916666666666 0.026185185185185186
2 0.7691197916666667 0.10483333333333333 0.007916666666666666 0.024972222222222222
2 0.7936822916666666 0.10132407407407408 0.005802083333333334 0.022944444444444444