2 0.6731770833333334 0.3976851851851852 0.019270833333333334 0.06388888888888888
2 0.7161458333333334 0.6889444444444444 0.035416666666666666 0.1258148148148149
2 0.49947916666666664 0.1763888888888889 0.009375 0.023148148148148147
2 0.5182291666666666 0.26608333333333334 0.010416666666666666 0.04375925925925925
2 0.31276041666666665 0.19953703703703704 0.008854166666666666 0.032407407407407406
3 0.34817708333333336 0.3148148148148148 0.06302083333333333 0.12962962962962962
3 0.4552083333333333 0.16111111111111112 0.04479166666666667 0.06481481481481481
3 0.34661458333333334 0.10185185185185185 0.022395833333333334 0.037037037037037035
1 0.4244791666666667 0.36018518518518516 0.042708333333333334 0.05925925925925926
1 0.8799479166666667 0.3972222222222222 0.0578125 0.05925925925925926
1 0.6625 0.3347222222222222 0.04895833333333333 0.058333333333333334
1 0.7333333333333333 0.39675925925925926 0.05520833333333333 0.06388888888888888
1 0.7098958333333333 0.300462962962963 0.04895833333333333 0.04722222222222222
1 0.9776041666666667 0.6143518518518518 0.04479166666666667 0.10648148148148148
1 0.6388020833333333 0.2601851851851852 0.03802083333333333 0.03888888888888889
1 0.5643229166666667 0.44305555555555554 0.05677083333333333 0.08611111111111111
1 0.8330729166666667 0.4587962962962963 0.07552083333333333 0.09722222222222222
1 0.38776041666666666 0.25324074074074077 0.0296875 0.041666666666666664
1 0.51640625 0.5111111111111111 0.059895833333333336 0.08703703703703704
1 0.3919270833333333 0.1875 0.0234375 0.030555555555555555
1 0.27265625 0.23287037037037037 0.0265625 0.03981481481481482
1 0.46770833333333334 0.24722222222222223 0.029166666666666667 0.037037037037037035
1 0.26484375 0.17407407407407408 0.021354166666666667 0.02962962962962963
1 0.29661458333333335 0.21712962962962962 0.0265625 0.03611111111111111
1 0.29635416666666664 0.1699074074074074 0.020833333333333332 0.028703703703703703
1 0.3489583333333333 0.15231481481481482 0.019791666666666666 0.025
1 0.5205729166666667 0.19490740740740742 0.025520833333333333 0.028703703703703703
1 0.55234375 0.8541666666666666 0.09947916666666666 0.18055555555555555
1 0.5497395833333333 0.2310185185185185 0.0296875 0.03425925925925926
1 0.38515625 0.11944444444444445 0.0171875 0.024074074074074074
1 0.24140625 0.14583333333333334 0.018229166666666668 0.026851851851851852
1 0.24713541666666666 0.12731481481481483 0.0171875 0.019444444444444445
1 0.2046875 0.09212962962962963 0.013541666666666667 0.017592592592592594
1 0.53984375 0.2569444444444444 0.028645833333333332 0.04537037037037037
1 0.36380208333333336 0.08472222222222223 0.0140625 0.017592592592592594
1 0.43269270833333334 0.14428703703703705 0.020026041666666692 0.03501851851851851
1 0.41875 0.10324074074074074 0.016666666666666666 0.019444444444444445
1 0.2937864583333333 0.11261111111111112 0.022104166666666696 0.03176851851851852
1 0.27095833333333336 0.10062962962962964 0.018098958333333335 0.02659259259259259
1 0.5011302083333333 0.13445370370370371 0.01626562500000001 0.02850000000000003
3 0.4717291666666667 0.12065740740740741 0.025416666666666643 0.03471296296296297
1 0.4491875 0.11595370370370371 0.019796874999999995 0.02718518518518517
3 0.34281770833333336 0.0675462962962963 0.03180208333333331 0.04494444444444444