0 0.25442708333333336 0.2722222222222222 0.1015625 0.15185185185185185
0 0.34453125 0.24212962962962964 0.07864583333333333 0.09722222222222222
3 0.6291666666666667 0.09398148148148149 0.027083333333333334 0.049074074074074076
3 0.58125 0.1412037037037037 0.028125 0.05092592592592592
3 0.73203125 0.20324074074074075 0.04114583333333333 0.08425925925925926
3 0.51809375 0.17881481481481482 0.04058333333333333 0.06832407407407408
3 0.5940104166666667 0.08194444444444444 0.0328125 0.03981481481481482
1 0.17526041666666667 0.5476851851851852 0.07552083333333333 0.08611111111111111
1 0.41015625 0.4847222222222222 0.06197916666666667 0.0824074074074074
1 0.3411458333333333 0.7847222222222222 0.11041666666666666 0.2064814814814815
1 0.024479166666666666 0.6138888888888889 0.04895833333333333 0.09444444444444444
1 0.7252604166666666 0.32685185185185184 0.03697916666666667 0.05925925925925926
1 0.37005208333333334 0.3578703703703704 0.0546875 0.062037037037037036
1 0.40911458333333334 0.2875 0.04010416666666667 0.05277777777777778
1 0.6328125 0.3907407407407407 0.05 0.08888888888888889
1 0.59921875 0.32037037037037036 0.04114583333333333 0.07222222222222222
1 0.5471354166666667 0.23472222222222222 0.0296875 0.03796296296296296
1 0.6859375 0.22268518518518518 0.025 0.03611111111111111
1 0.67890625 0.1287037037037037 0.019270833333333334 0.025925925925925925
1 0.6122395833333333 0.2564814814814815 0.028645833333333332 0.03888888888888889
1 0.6885416666666667 0.28425925925925927 0.03333333333333333 0.05185185185185185
1 0.7078125 0.25833333333333336 0.029166666666666667 0.03888888888888889
1 0.6986979166666667 0.17314814814814813 0.0203125 0.02962962962962963
1 0.61484375 0.18194444444444444 0.024479166666666666 0.028703703703703703
1 0.64375 0.26481481481481484 0.03229166666666667 0.053703703703703705
1 0.6559895833333333 0.2152777777777778 0.0265625 0.03796296296296296
1 0.6161458333333333 0.1550925925925926 0.020833333333333332 0.026851851851851852
2 0.5113802083333333 0.24032407407407408 0.014416666666666666 0.043898148148148144
1 0.5127604166666667 0.22407407407407406 0.028645833333333332 0.037037037037037035
1 0.75703125 0.11898148148148148 0.016145833333333335 0.021296296296296296
1 0.474640625 0.8291666666666667 0.14966666666666667 0.3416666666666667
1 0.7713541666666667 0.10601851851851851 0.013541666666666667 0.021296296296296296
1 0.7736979166666667 0.13194444444444445 0.016145833333333335 0.021296296296296296
2 0.664578125 0.22693518518518518 0.010484374999999999 0.031046296296296298
2 0.7261666666666666 0.16928703703703704 0.010302083333333333 0.01750925925925926
2 0.7416822916666667 0.14750925925925926 0.011348958333333332 0.026064814814814815
2 0.7507135416666666 0.15880555555555556 0.006244791666666667 0.028046296296296295
1 0.7736197916666666 0.17073148148148146 0.028885416666666667 0.042212962962962966
2 0.7871927083333333 0.10724074074074073 0.009010416666666667 0.02548148148148148
2 0.7995520833333334 0.09391666666666668 0.007828125 0.02548148148148148
1 0.6936822916666666 0.10451851851851851 0.017572916666666667 0.022462962962962966
1 0.7295104166666667 0.10064814814814815 0.015625 0.02076851851851852
1 0.8094947916666667 0.09769444444444444 0.012046875 0.024564814814814817
1 0.7625677083333334 0.08052777777777778 0.015942708333333333 0.02484259259259259
3 0.511625 0.16121296296296297 0.043578125 0.06584259259259259
1 0.542703125 0.11732407407407407 0.02263541666666667 0.02298148148148148