2 0.584375 0.5416666666666666 0.023958333333333335 0.06296296296296296
3 0.6908854166666667 0.2625 0.04739583333333333 0.08611111111111111
3 0.63046875 0.13287037037037036 0.024479166666666666 0.041666666666666664
3 0.5578125 0.10972222222222222 0.016666666666666666 0.021296296296296296
3 0.6421875 0.09537037037037037 0.015625 0.025925925925925925
3 0.6572916666666667 0.07407407407407407 0.016666666666666666 0.024074074074074074
1 0.3072916666666667 0.8231481481481482 0.103125 0.17222222222222222
1 0.47369791666666666 0.39444444444444443 0.0515625 0.06481481481481481
1 0.16015625 0.5805555555555556 0.0859375 0.09074074074074075
1 0.5330729166666667 0.4263888888888889 0.050520833333333334 0.07314814814814814
1 0.20625 0.3375 0.05 0.05462962962962963
1 0.32864583333333336 0.3458333333333333 0.04583333333333333 0.05648148148148148
1 0.10208333333333333 0.5277777777777778 0.07708333333333334 0.07777777777777778
1 0.5325520833333334 0.32592592592592595 0.0421875 0.06296296296296296
1 0.6044270833333333 0.26342592592592595 0.03177083333333333 0.04351851851851852
1 0.34036458333333336 0.5731481481481482 0.07447916666666667 0.1111111111111111
1 0.25 0.4583333333333333 0.06666666666666667 0.08703703703703704
1 0.7127604166666667 0.19722222222222222 0.024479166666666666 0.02962962962962963
1 0.6661458333333333 0.19814814814814816 0.022916666666666665 0.03148148148148148
1 0.7229166666666667 0.1486111111111111 0.020833333333333332 0.028703703703703703
1 0.66171875 0.24351851851851852 0.018229166666666668 0.040740740740740744
1 0.7986979166666667 0.09907407407407408 0.019270833333333334 0.027777777777777776
1 0.6583333333333333 0.10601851851851851 0.016666666666666666 0.021296296296296296
1 0.6684895833333333 0.24074074074074073 0.0328125 0.046296296296296294
1 0.5823437499999999 0.10041666666666667 0.0235625 0.024194444444444442
1 0.531828125 0.12181481481481482 0.022848958333333332 0.029268518518518517
1 0.49881770833333333 0.12960185185185186 0.018572916666666665 0.03284259259259259
2 0.7486302083333333 0.1358611111111111 0.007916666666666666 0.02822222222222222
2 0.6905885416666667 0.12308333333333334 0.007588541666666667 0.03180555555555556
2 0.7556197916666666 0.08355555555555555 0.00646875 0.021342592592592594
1 0.6958749999999999 0.1000462962962963 0.017197916666666667 0.028601851851851854
1 0.6828125 0.06467592592592591 0.020010416666666666 0.021324074074074075
3 0.6163020833333334 0.9067870370370371 0.14385416666666667 0.18642592592592594