2 0.5875 0.28194444444444444 0.0125 0.04351851851851852
3 0.4908854166666667 0.43472222222222223 0.059895833333333336 0.1361111111111111
3 0.5197916666666667 0.2023148148148148 0.03854166666666667 0.06018518518518518
1 0.8122395833333333 0.8398148148148148 0.10572916666666667 0.1537037037037037
1 0.3703125 0.4976851851851852 0.05416666666666667 0.08425925925925926
1 0.40390625 0.3236111111111111 0.04114583333333333 0.07314814814814814
1 0.7356770833333334 0.3861111111111111 0.05260416666666667 0.06481481481481481
1 0.59140625 0.5032407407407408 0.059895833333333336 0.08611111111111111
1 0.30963541666666666 0.2861111111111111 0.033854166666666664 0.06111111111111111
1 0.6661458333333333 0.27314814814814814 0.0375 0.040740740740740744
1 0.4354166666666667 0.2125 0.030208333333333334 0.03981481481481482
1 0.25234375 0.19212962962962962 0.0234375 0.041666666666666664
1 0.35651041666666666 0.22268518518518518 0.0265625 0.041666666666666664
1 0.82578125 0.46064814814814814 0.0671875 0.08796296296296297
1 0.46458333333333335 0.5935185185185186 0.07395833333333333 0.15
1 0.6950520833333333 0.4273148148148148 0.05572916666666667 0.06944444444444445
1 0.30807291666666664 0.1837962962962963 0.022395833333333334 0.030555555555555555
1 0.26875 0.14027777777777778 0.020833333333333332 0.030555555555555555
1 0.31276041666666665 0.12314814814814815 0.0171875 0.024074074074074074
1 0.6682291666666667 0.5981481481481481 0.07604166666666666 0.10740740740740741
1 0.39427083333333335 0.12037037037037036 0.017708333333333333 0.022222222222222223
1 0.6057291666666667 0.27361111111111114 0.03958333333333333 0.03981481481481482
1 0.37005208333333334 0.16666666666666666 0.022395833333333334 0.02962962962962963
1 0.34427083333333336 0.10648148148148148 0.01875 0.024074074074074074
1 0.35104166666666664 0.1259259259259259 0.019791666666666666 0.027777777777777776
1 0.36692708333333335 0.1175925925925926 0.016145833333333335 0.025925925925925925
1 0.36640625 0.09814814814814815 0.0171875 0.018518518518518517
3 0.331796875 0.08485185185185186 0.020197916666666652 0.026185185185185186
2 0.2308802083333333 0.10483333333333333 0.00791666666666669 0.024972222222222222
2 0.20631770833333338 0.10132407407407408 0.005802083333333327 0.022944444444444444