2 0.27734375 0.4217592592592593 0.0234375 0.06574074074074074
2 0.33255208333333336 0.8208333333333333 0.050520833333333334 0.15648148148148147
3 0.7109375 0.38657407407407407 0.046875 0.09166666666666666
1 0.5705729166666667 0.5393518518518519 0.0640625 0.10648148148148148
1 0.41953125 0.28888888888888886 0.04010416666666667 0.040740740740740744
1 0.19635416666666666 0.525 0.07708333333333334 0.08888888888888889
1 0.31640625 0.28379629629629627 0.043229166666666666 0.041666666666666664
1 0.5263020833333333 0.2152777777777778 0.028645833333333332 0.03425925925925926
1 0.56796875 0.3712962962962963 0.05260416666666667 0.06851851851851852
1 0.6309895833333333 0.3814814814814815 0.049479166666666664 0.07962962962962963
1 0.4552083333333333 0.43703703703703706 0.057291666666666664 0.08148148148148149
1 0.3419270833333333 0.3888888888888889 0.05260416666666667 0.06111111111111111
1 0.1828125 0.4537037037037037 0.06770833333333333 0.08333333333333333
1 0.5317708333333333 0.16666666666666666 0.022916666666666665 0.03148148148148148
1 0.32786458333333335 0.3416666666666667 0.0453125 0.05925925925925926
1 0.6346354166666667 0.14305555555555555 0.0203125 0.025
1 0.7052083333333333 0.20277777777777778 0.028125 0.03518518518518519
1 0.6614583333333334 0.07685185185185185 0.014583333333333334 0.014814814814814815
1 0.74375 0.20555555555555555 0.027083333333333334 0.03888888888888889
1 0.6986979166666667 0.11944444444444445 0.016145833333333335 0.020370370370370372
1 0.6872395833333333 0.1865740740740741 0.013020833333333334 0.026851851851851852
1 0.79609375 0.11898148148148148 0.0296875 0.04351851851851852
1 0.7630208333333334 0.2518518518518518 0.023958333333333335 0.037037037037037035
1 0.7388020833333333 0.08703703703703704 0.021354166666666667 0.027777777777777776
1 0.6788437500000001 0.13116666666666665 0.020223958333333333 0.03113888888888889
1 0.67534375 0.11228703703703703 0.018697916666666665 0.018916666666666665
1 0.6518958333333333 0.11639814814814814 0.020395833333333332 0.036888888888888895
1 0.7624583333333333 0.06550925925925925 0.014963541666666667 0.019074074074074077
1 0.7811927083333334 0.07560185185185185 0.015479166666666665 0.019787037037037037
1 0.7801875 0.052138888888888894 0.013463541666666667 0.01787037037037037
1 0.797390625 0.05756481481481482 0.012276041666666666 0.015351851851851851
1 0.8090208333333333 0.08562962962962964 0.020484375 0.024009259259259258
1 0.8092760416666667 0.06425 0.013463541666666667 0.01412037037037037