3 0.5729166666666666 0.5175925925925926 0.07083333333333333 0.17037037037037037
1 0.08880208333333334 0.6305555555555555 0.09427083333333333 0.1111111111111111
1 0.6388020833333333 0.8 0.08489583333333334 0.2037037037037037
1 0.36953125 0.3680555555555556 0.05572916666666667 0.06574074074074074
1 0.36953125 0.26157407407407407 0.03697916666666667 0.03981481481481482
1 0.43072916666666666 0.27361111111111114 0.040625 0.05092592592592592
1 0.32395833333333335 0.3476851851851852 0.04791666666666667 0.05648148148148148
1 0.49583333333333335 0.5032407407407408 0.058333333333333334 0.09351851851851851
1 0.4361979166666667 0.4601851851851852 0.059895833333333336 0.07962962962962963
1 0.5916666666666667 0.20046296296296295 0.025 0.030555555555555555
1 0.5450520833333333 0.2050925925925926 0.0265625 0.032407407407407406
1 0.5338541666666666 0.16342592592592592 0.023958333333333335 0.030555555555555555
1 0.5325520833333334 0.24537037037037038 0.03177083333333333 0.03518518518518519
1 0.61953125 0.12685185185185185 0.019270833333333334 0.025925925925925925
1 0.6859375 0.12453703703703704 0.017708333333333333 0.023148148148148147
1 0.44453125 0.2125 0.028645833333333332 0.03611111111111111
1 0.5440104166666667 0.11666666666666667 0.0203125 0.024074074074074074
1 0.5072916666666667 0.20416666666666666 0.026041666666666668 0.028703703703703703
1 0.6588541666666666 0.0787037037037037 0.013541666666666667 0.016666666666666666
1 0.6544270833333333 0.13564814814814816 0.018229166666666668 0.023148148148148147
1 0.49557291666666664 0.23657407407407408 0.03177083333333333 0.03796296296296296
1 0.5888020833333333 0.14305555555555555 0.019270833333333334 0.026851851851851852
1 0.7083333333333334 0.175 0.011458333333333333 0.024074074074074074
1 0.46901041666666665 0.22546296296296298 0.0296875 0.03611111111111111
1 0.6369791666666667 0.16203703703703703 0.019791666666666666 0.027777777777777776
1 0.59609375 0.16296296296296298 0.024479166666666666 0.03148148148148148
1 0.746875 0.17083333333333334 0.025 0.030555555555555555
1 0.8940104166666667 0.02546296296296296 0.0265625 0.019444444444444445
1 0.8703125 0.026851851851851852 0.017708333333333333 0.020370370370370372
1 0.6765625 0.10231481481481482 0.013541666666666667 0.01574074074074074
1 0.7421875 0.08564814814814815 0.014583333333333334 0.017592592592592594
1 0.6528645833333333 0.1111111111111111 0.0078125 0.016666666666666666
1 0.5861979166666667 0.09953703703703703 0.0203125 0.01574074074074074
1 0.7758541666666667 0.06541666666666668 0.016036458333333333 0.01778703703703704
1 0.7937760416666666 0.06824999999999999 0.012687499999999999 0.01725925925925926
1 0.8005416666666666 0.054796296296296294 0.016635416666666666 0.02287037037037037
1 0.8226927083333333 0.04608333333333334 0.019994791666666668 0.01937962962962963