0 0.6596354166666667 0.08703703703703704 0.019270833333333334 0.03518518518518519
3 0.40963541666666664 0.6439814814814815 0.08697916666666666 0.15462962962962962
1 0.0828125 0.6550925925925926 0.09375 0.11203703703703703
1 0.3190104166666667 0.6226851851851852 0.0796875 0.11018518518518519
1 0.5955729166666667 0.3486111111111111 0.0421875 0.062037037037037036
1 0.5390625 0.6657407407407407 0.07395833333333333 0.12222222222222222
1 0.5119791666666667 0.3587962962962963 0.04375 0.062037037037037036
1 0.6591145833333333 0.5717592592592593 0.06614583333333333 0.14351851851851852
1 0.28020833333333334 0.44166666666666665 0.06145833333333333 0.07222222222222222
1 0.6067708333333334 0.2662037037037037 0.03125 0.041666666666666664
1 0.39296875 0.34814814814814815 0.04635416666666667 0.05740740740740741
1 0.5114583333333333 0.46296296296296297 0.053125 0.08518518518518518
1 0.740625 0.28379629629629627 0.034375 0.06018518518518518
1 0.45078125 0.30277777777777776 0.0390625 0.04814814814814815
1 0.3651041666666667 0.3175925925925926 0.04375 0.05185185185185185
1 0.45026041666666666 0.2564814814814815 0.034895833333333334 0.03888888888888889
1 0.6893229166666667 0.17824074074074073 0.0234375 0.03425925925925926
1 0.47552083333333334 0.21342592592592594 0.03125 0.04537037037037037
1 0.5455729166666666 0.2361111111111111 0.030729166666666665 0.03888888888888889
1 0.7270833333333333 0.17824074074074073 0.022916666666666665 0.03611111111111111
1 0.65078125 0.11157407407407408 0.016145833333333335 0.021296296296296296
1 0.7549479166666667 0.11898148148148148 0.0171875 0.025
1 0.7440104166666667 0.1625 0.018229166666666668 0.030555555555555555
1 0.7924479166666667 0.09166666666666666 0.013020833333333334 0.018518518518518517
1 0.7731770833333333 0.12685185185185185 0.0171875 0.02962962962962963
1 0.7854166666666667 0.1087962962962963 0.015625 0.021296296296296296
1 0.69765625 0.11527777777777778 0.0140625 0.021296296296296296
1 0.7609375 0.17777777777777778 0.01875 0.03518518518518519
2 0.7047604166666667 0.19193518518518518 0.009416666666666665 0.03214814814814815
1 0.6955052083333333 0.10279629629629629 0.01933333333333333 0.022796296296296297
1 0.7343385416666667 0.09762037037037037 0.018130208333333335 0.02662962962962963
1 0.8083385416666666 0.06038888888888889 0.013395833333333333 0.016074074074074074
1 0.772375 0.07658333333333332 0.01633333333333333 0.016509259259259258