2 0.62421875 0.5884259259259259 0.0265625 0.06759259259259259
3 0.2864583333333333 0.3662037037037037 0.04375 0.075
3 0.5864583333333333 0.31712962962962965 0.019791666666666666 0.062037037037037036
1 0.47604166666666664 0.46620370370370373 0.05 0.06018518518518518
1 0.5432291666666667 0.7027777777777777 0.09166666666666666 0.11481481481481481
1 0.37473958333333335 0.9412037037037037 0.09635416666666667 0.11388888888888889
1 0.5453125 0.35833333333333334 0.036458333333333336 0.04259259259259259
1 0.5057291666666667 0.29212962962962963 0.026041666666666668 0.032407407407407406
1 0.25416666666666665 0.5592592592592592 0.046875 0.08148148148148149
1 0.22708333333333333 0.35648148148148145 0.027083333333333334 0.04259259259259259
1 0.3606770833333333 0.34120370370370373 0.0296875 0.03981481481481482
1 0.6533854166666667 0.4222222222222222 0.0484375 0.05555555555555555
1 0.3692708333333333 0.6657407407407407 0.07395833333333333 0.14444444444444443
1 0.6760416666666667 0.3976851851851852 0.04583333333333333 0.049074074074074076
1 0.37578125 0.26990740740740743 0.021354166666666667 0.025
1 0.2981770833333333 0.32222222222222224 0.0265625 0.044444444444444446
1 0.20546875 0.25833333333333336 0.018229166666666668 0.03333333333333333
1 0.29583333333333334 0.2763888888888889 0.019791666666666666 0.026851851851851852
1 0.4322916666666667 0.22175925925925927 0.013541666666666667 0.017592592592592594
1 0.32473958333333336 0.26342592592592595 0.018229166666666668 0.026851851851851852
1 0.6059895833333333 0.3347222222222222 0.0296875 0.049074074074074076
1 0.278125 0.2337962962962963 0.013541666666666667 0.017592592592592594
1 0.7278645833333334 0.40555555555555556 0.044270833333333336 0.046296296296296294
1 0.18541666666666667 0.2162037037037037 0.011458333333333333 0.021296296296296296
1 0.19973958333333333 0.21574074074074073 0.0109375 0.014814814814814815
1 0.29322916666666665 0.2199074074074074 0.0125 0.017592592592592594
1 0.3416666666666667 0.19675925925925927 0.009375 0.017592592592592594
1 0.3924479166666667 0.21203703703703702 0.0109375 0.012962962962962963
1 0.26796875 0.21203703703703702 0.013020833333333334 0.016666666666666666
1 0.3578125 0.2023148148148148 0.011458333333333333 0.01574074074074074
2 0.3677708333333333 0.23537962962962963 0.008781249999999999 0.026481481481481484
1 0.30171354166666664 0.19664814814814816 0.008661458333333334 0.015796296296296294
3 0.2846041666666667 0.2020462962962963 0.015661458333333333 0.032157407407407405
1 0.2607552083333333 0.19977777777777778 0.009703125 0.017416666666666667
1 0.26989062500000005 0.19712962962962963 0.008661458333333334 0.013064814814814814
1 0.24927604166666667 0.1976388888888889 0.010744791666666666 0.013157407407407408
1 0.99359375 0.6697500000000001 0.012812500000000001 0.09856481481481481