1 0.4231770833333333 0.8935185185185185 0.08802083333333334 0.16296296296296298
1 0.3182291666666667 0.5796296296296296 0.05625 0.08518518518518518
1 0.5466145833333333 0.5861111111111111 0.0703125 0.08703703703703704
1 0.44583333333333336 0.412962962962963 0.041666666666666664 0.05555555555555555
1 0.646875 0.34629629629629627 0.03958333333333333 0.044444444444444446
1 0.6708333333333333 0.4773148148148148 0.058333333333333334 0.075
1 0.45234375 0.27314814814814814 0.025520833333333333 0.02962962962962963
1 0.28489583333333335 0.2523148148148148 0.015625 0.023148148148148147
1 0.20859375 0.28194444444444444 0.021354166666666667 0.032407407407407406
1 0.39010416666666664 0.2652777777777778 0.023958333333333335 0.026851851851851852
1 0.49583333333333335 0.3939814814814815 0.042708333333333334 0.05462962962962963
1 0.19192708333333333 0.23796296296296296 0.015104166666666667 0.022222222222222223
1 0.30572916666666666 0.23287037037037037 0.017708333333333333 0.023148148148148147
1 0.76484375 0.3648148148148148 0.0171875 0.025925925925925925
1 0.665625 0.4041666666666667 0.019791666666666666 0.03981481481481482
1 0.35520833333333335 0.22870370370370371 0.017708333333333333 0.022222222222222223
1 0.19036458333333334 0.2074074074074074 0.011979166666666667 0.014814814814814815
1 0.36796875 0.2708333333333333 0.008854166666666666 0.025
1 0.33958333333333335 0.45601851851851855 0.041666666666666664 0.06018518518518518
3 0.33948437499999995 0.27781481481481485 0.029536458333333335 0.05477777777777777
1 0.28541666666666665 0.20925925925925926 0.011458333333333333 0.014814814814814815
1 0.3296875 0.23472222222222222 0.009375 0.021296296296296296
1 0.7837760416666666 0.9730277777777777 0.12457291666666667 0.05394444444444444
1 0.39171354166666666 0.21925 0.018338541666666666 0.01897222222222222
1 0.356375 0.2041111111111111 0.014729166666666666 0.017833333333333336
1 0.30645833333333333 0.20769444444444446 0.012270833333333333 0.015287037037037038
1 0.3282291666666667 0.21221296296296296 0.016067708333333333 0.017268518518518516
1 0.2925052083333333 0.19539814814814815 0.008708333333333334 0.01012037037037037
1 0.30040104166666665 0.19800925925925925 0.01009375 0.011814814814814814
1 0.2655416666666667 0.20725000000000002 0.012416666666666666 0.012638888888888889
1 0.26066666666666666 0.19682407407407407 0.009614583333333334 0.01562962962962963
1 0.27811979166666667 0.20256481481481484 0.011239583333333332 0.012981481481481481