0 0.7817708333333333 0.287962962962963 0.03333333333333333 0.08888888888888889
3 0.6622395833333333 0.2800925925925926 0.033854166666666664 0.06388888888888888
3 0.08463541666666667 0.5740740740740741 0.10885416666666667 0.15
3 0.9908854166666666 0.34675925925925927 0.018229166666666668 0.05277777777777778
1 0.5330729166666667 0.4546296296296296 0.044270833333333336 0.05925925925925926
1 0.18307291666666667 0.4708333333333333 0.05260416666666667 0.058333333333333334
1 0.08489583333333334 0.663425925925926 0.09270833333333334 0.10462962962962963
1 0.20182291666666666 0.5504629629629629 0.0671875 0.0787037037037037
1 0.690625 0.4828703703703704 0.017708333333333333 0.06759259259259259
1 0.6848958333333334 0.3726851851851852 0.030208333333333334 0.04351851851851852
1 0.35520833333333335 0.4078703703703704 0.04375 0.05648148148148148
1 0.5809895833333333 0.2967592592592593 0.027604166666666666 0.03981481481481482
1 0.2796875 0.4703703703703704 0.058333333333333334 0.08148148148148149
1 0.40234375 0.4115740740740741 0.043229166666666666 0.058333333333333334
1 0.2911458333333333 0.5236111111111111 0.065625 0.08981481481481482
1 0.03203125 0.8055555555555556 0.06302083333333333 0.12037037037037036
1 0.6427083333333333 0.3333333333333333 0.028125 0.05740740740740741
1 0.41875 0.30462962962962964 0.030208333333333334 0.03333333333333333
1 0.6182291666666667 0.29907407407407405 0.026041666666666668 0.037037037037037035
1 0.47161458333333334 0.3435185185185185 0.033854166666666664 0.04259259259259259
1 0.6919270833333333 0.23842592592592593 0.016145833333333335 0.026851851851851852
1 0.51953125 0.29953703703703705 0.025520833333333333 0.032407407407407406
1 0.4375 0.3375 0.030208333333333334 0.03981481481481482
1 0.52890625 0.26342592592592595 0.022395833333333334 0.032407407407407406
1 0.49661458333333336 0.2912037037037037 0.0234375 0.032407407407407406
1 0.33828125 0.3541666666666667 0.0421875 0.05462962962962963
1 0.28802083333333334 0.38935185185185184 0.05 0.05648148148148148
1 0.46510416666666665 0.27361111111111114 0.020833333333333332 0.028703703703703703
1 0.38385416666666666 0.3287037037037037 0.03125 0.03888888888888889
1 0.4036458333333333 0.33935185185185185 0.03333333333333333 0.03796296296296296
1 0.48203125 0.2791666666666667 0.024479166666666666 0.030555555555555555
1 0.46197916666666666 0.31157407407407406 0.03125 0.03981481481481482
1 0.5661458333333333 0.26296296296296295 0.020833333333333332 0.024074074074074074
1 0.4984375 0.2564814814814815 0.019791666666666666 0.022222222222222223
1 0.2981770833333333 0.41064814814814815 0.05260416666666667 0.058333333333333334
3 0.05606770833333338 0.534074074074074 0.11213020833333331 0.22312037037037039
2 0.39193229166666665 0.3908148148148148 0.014374999999999952 0.03911111111111112
1 0.7115625 0.2141111111111111 0.01314583333333322 0.02051851851851854
3 0.5555572916666667 0.24603703703703705 0.019578125000000075 0.031148148148148137
1 0.570171875 0.2416296296296296 0.01838541666666676 0.024972222222222246
1 0.5951197916666667 0.23886111111111114 0.02014583333333325 0.023796296296296312
1 0.6109270833333333 0.2280925925925926 0.01707291666666677 0.021499999999999974
1 0.62803125 0.21725 0.011890624999999962 0.01905555555555554
1 0.5826718750000001 0.22988888888888886 0.01650520833333336 0.01722222222222222
1 0.5433229166666665 0.2331574074074074 0.0145260416666666 0.018518518518518517
1 0.5234739583333333 0.25139814814814815 0.022244791666666628 0.03575000000000001
1 0.516953125 0.2371759259259259 0.01658854166666662 0.020425925925925903
1 0.5581041666666666 0.2315648148148148 0.011526041666666724 0.017083333333333322
1 0.5653802083333334 0.22047222222222224 0.010255208333333361 0.011500000000000015
1 0.5909531250000001 0.208 0.010765625000000037 0.02067592592592591
1 0.5855520833333333 0.21850925925925926 0.01321354166666661 0.015453703703703702
0 0.606203125 0.20219444444444445 0.02552604166666678 0.04405555555555554
1 0.6257708333333334 0.20808333333333331 0.014932291666666705 0.020833333333333332
1 0.6632916666666666 0.19944444444444445 0.0106197916666666 0.016694444444444474
1 0.7238020833333334 0.19846296296296298 0.009260416666666771 0.016472222222222242
1 0.7180052083333334 0.19461111111111112 0.009046874999999944 0.015749999999999993
1 0.8190781250000001 0.19937962962962963 0.012052083333333267 0.019175925925925905
1 0.6545 0.20395370370370372 0.00877604166666662 0.012305555555555575
1 0.641234375 0.19822222222222224 0.010505208333333372 0.014768518518518507