3 0.6919270833333333 0.29768518518518516 0.0390625 0.0712962962962963
1 0.16979166666666667 0.5662037037037037 0.075 0.10833333333333334
1 0.47552083333333334 0.7916666666666666 0.09166666666666666 0.1537037037037037
1 0.44427083333333334 0.36574074074074076 0.0375 0.053703703703703705
1 0.33541666666666664 0.39675925925925926 0.04375 0.049074074074074076
1 0.6322916666666667 0.3680555555555556 0.036458333333333336 0.06388888888888888
1 0.47734375 0.2986111111111111 0.030729166666666665 0.04537037037037037
1 0.39869791666666665 0.3148148148148148 0.03177083333333333 0.03888888888888889
1 0.5973958333333333 0.3384259259259259 0.03333333333333333 0.058333333333333334
1 0.7427083333333333 0.32916666666666666 0.025 0.04537037037037037
1 0.6434895833333333 0.2671296296296296 0.019270833333333334 0.028703703703703703
1 0.6145833333333334 0.21388888888888888 0.014583333333333334 0.018518518518518517
1 0.6669270833333333 0.2388888888888889 0.016145833333333335 0.022222222222222223
1 0.6872395833333333 0.21203703703703702 0.011979166666666667 0.022222222222222223
1 0.7036458333333333 0.21851851851851853 0.013541666666666667 0.016666666666666666
1 0.56484375 0.2310185185185185 0.016145833333333335 0.017592592592592594
1 0.66484375 0.2175925925925926 0.0140625 0.016666666666666666
1 0.5794270833333334 0.2324074074074074 0.0171875 0.018518518518518517
2 0.7181041666666667 0.2099814814814815 0.005989583333333334 0.021796296296296314
1 0.7078802083333334 0.19712037037037036 0.010885416666666713 0.01787962962962963
1 0.7032395833333334 0.20122222222222222 0.010255208333333361 0.019361111111111134
3 0.7317864583333333 0.18981481481481483 0.013041666666666648 0.02588888888888887
1 0.7258749999999999 0.19841666666666666 0.007421875 0.016277777777777763
1 0.7218333333333333 0.20236111111111113 0.010322916666666753 0.019129629629629653
3 0.7445104166666667 0.19143518518518518 0.016359374999999923 0.034166666666666644
1 0.7173385416666667 0.19455555555555556 0.008937499999999925 0.01609259259259259
1 0.6399739583333334 0.20492592592592593 0.01136458333333342 0.017555555555555536
1 0.634390625 0.2018425925925926 0.011692708333333239 0.018935185185185173
1 0.653015625 0.20326851851851852 0.014046874999999896 0.015925925925925916
1 0.67275 0.19710185185185186 0.009473958333333362 0.015314814814814833
1 0.6606354166666667 0.1978888888888889 0.008713541666666677 0.011027777777777801
3 0.5885052083333332 0.21523148148148147 0.016666666666666666 0.024009259259259265
3 0.5557395833333333 0.22250925925925927 0.018348958333333342 0.027000000000000024