3 0.30807291666666664 0.29768518518518516 0.0390625 0.0712962962962963
1 0.8302083333333333 0.5662037037037037 0.075 0.10833333333333334
1 0.5244791666666667 0.7916666666666666 0.09166666666666666 0.1537037037037037
1 0.5557291666666667 0.36574074074074076 0.0375 0.053703703703703705
1 0.6645833333333333 0.39675925925925926 0.04375 0.049074074074074076
1 0.36770833333333336 0.3680555555555556 0.036458333333333336 0.06388888888888888
1 0.52265625 0.2986111111111111 0.030729166666666665 0.04537037037037037
1 0.6013020833333333 0.3148148148148148 0.03177083333333333 0.03888888888888889
1 0.40260416666666665 0.3384259259259259 0.03333333333333333 0.058333333333333334
1 0.25729166666666664 0.32916666666666666 0.025 0.04537037037037037
1 0.35651041666666666 0.2671296296296296 0.019270833333333334 0.028703703703703703
1 0.3854166666666667 0.21388888888888888 0.014583333333333334 0.018518518518518517
1 0.33307291666666666 0.2388888888888889 0.016145833333333335 0.022222222222222223
1 0.31276041666666665 0.21203703703703702 0.011979166666666667 0.022222222222222223
1 0.29635416666666664 0.21851851851851853 0.013541666666666667 0.016666666666666666
1 0.43515625 0.2310185185185185 0.016145833333333335 0.017592592592592594
1 0.33515625 0.2175925925925926 0.0140625 0.016666666666666666
1 0.4205729166666667 0.2324074074074074 0.0171875 0.018518518518518517
2 0.28189583333333335 0.2099814814814815 0.005989583333333334 0.021796296296296296
1 0.2921197916666667 0.19712037037037036 0.010885416666666667 0.017879629629629627
1 0.29676041666666664 0.20122222222222222 0.010255208333333333 0.01936111111111111
3 0.26821354166666667 0.18981481481481483 0.013041666666666667 0.02588888888888889
1 0.274125 0.19841666666666666 0.007421875 0.016277777777777776
1 0.2781666666666667 0.20236111111111113 0.010322916666666666 0.01912962962962963
3 0.2554895833333333 0.19143518518518518 0.016359375 0.034166666666666665
1 0.28266145833333334 0.19455555555555556 0.0089375 0.016092592592592592
1 0.3600260416666667 0.20492592592592593 0.011364583333333334 0.017555555555555557
1 0.365609375 0.2018425925925926 0.011692708333333333 0.018935185185185183
1 0.346984375 0.20326851851851852 0.014046874999999999 0.015925925925925927
1 0.32725000000000004 0.19710185185185186 0.009473958333333334 0.015314814814814814
1 0.33936458333333336 0.1978888888888889 0.008713541666666666 0.011027777777777779
3 0.4114947916666667 0.21523148148148147 0.016666666666666666 0.024009259259259258
3 0.44426041666666666 0.22250925925925927 0.01834895833333333 0.027