2 0.9375 0.7 0.03958333333333333 0.06481481481481481
3 0.72109375 0.3990740740740741 0.1140625 0.1388888888888889
3 0.9044270833333333 0.49537037037037035 0.1359375 0.19074074074074074
1 0.48723958333333334 0.8013888888888889 0.08802083333333334 0.14166666666666666
1 0.22890625 0.5717592592592593 0.049479166666666664 0.10277777777777777
1 0.7322916666666667 0.5453703703703704 0.065625 0.08148148148148149
1 0.83984375 0.5310185185185186 0.06614583333333333 0.08055555555555556
1 0.74609375 0.500462962962963 0.06302083333333333 0.06944444444444445
1 0.6658854166666667 0.42592592592592593 0.049479166666666664 0.06296296296296296
1 0.4046875 0.48657407407407405 0.05625 0.10462962962962963
1 0.37994791666666666 0.29259259259259257 0.0234375 0.03518518518518519
1 0.5630208333333333 0.3800925925925926 0.03958333333333333 0.05092592592592592
1 0.3229166666666667 0.3189814814814815 0.029166666666666667 0.05648148148148148
1 0.7833333333333333 0.44305555555555554 0.026041666666666668 0.04722222222222222
1 0.49947916666666664 0.31851851851851853 0.029166666666666667 0.03888888888888889
1 0.32708333333333334 0.26157407407407407 0.019791666666666666 0.03796296296296296
1 0.9541666666666667 0.7962962962962963 0.090625 0.13703703703703704
1 0.5471354166666667 0.3236111111111111 0.03177083333333333 0.03981481481481482
1 0.615625 0.35138888888888886 0.03125 0.04537037037037037
1 0.590625 0.3541666666666667 0.040625 0.062037037037037036
1 0.46458333333333335 0.2828703703703704 0.026041666666666668 0.03611111111111111
1 0.5627604166666667 0.30787037037037035 0.030729166666666665 0.041666666666666664
1 0.44166666666666665 0.2657407407407407 0.021875 0.02962962962962963
1 0.35 0.2300925925925926 0.013541666666666667 0.021296296296296296
3 0.5311197916666667 0.26240740740740737 0.03338541666666666 0.055685185185185185
1 0.30546875 0.2324074074074074 0.0140625 0.024074074074074074
1 0.5057291666666667 0.28935185185185186 0.028125 0.041666666666666664
1 0.01015625 0.325 0.016145833333333335 0.044444444444444446
1 0.9924479166666667 0.6097222222222223 0.0140625 0.08425925925925926
1 0.19313020833333333 0.20660185185185184 0.013494791666666667 0.01911111111111111
1 0.18588541666666666 0.2004074074074074 0.011036458333333334 0.01601851851851852
1 0.26963020833333334 0.21347222222222223 0.013317708333333334 0.017055555555555556
1 0.2602447916666667 0.2007037037037037 0.009708333333333334 0.018472222222222223
3 0.27301562500000004 0.19094444444444444 0.014859375000000001 0.033351851851851855
1 0.290109375 0.2097037037037037 0.012442708333333333 0.021611111111111112
1 0.284203125 0.20197222222222222 0.011093750000000001 0.020083333333333335
1 0.30502083333333335 0.20975925925925926 0.012473958333333333 0.019851851851851853
1 0.31993229166666665 0.22032407407407406 0.014578124999999999 0.02146296296296296
1 0.3367604166666667 0.2389722222222222 0.02053125 0.023444444444444445
3 0.6103854166666667 0.3093796296296296 0.062239583333333334 0.08068518518518518
1 0.5179583333333333 0.2743055555555556 0.02871354166666667 0.04243518518518519
1 0.48497395833333334 0.2693888888888889 0.029447916666666667 0.037564814814814815
1 0.4767395833333333 0.2498425925925926 0.018588541666666666 0.023398148148148147
1 0.48798958333333337 0.24544444444444444 0.014739583333333334 0.023564814814814813
1 0.4591145833333333 0.2576203703703704 0.022000000000000002 0.024
1 0.43985416666666666 0.24341666666666664 0.018802083333333334 0.02549074074074074
3 0.4407447916666667 0.22171296296296295 0.025625000000000002 0.042861111111111114
2 0.42355208333333333 0.2426759259259259 0.007494791666666667 0.023018518518518518
1 0.411890625 0.24260185185185185 0.020041666666666666 0.02684259259259259
1 0.41769270833333333 0.22510185185185186 0.016505208333333334 0.023740740740740743
1 0.42496875 0.21637962962962962 0.011447916666666667 0.016259259259259258
1 0.389984375 0.2286574074074074 0.017703125 0.02287037037037037
1 0.4009739583333333 0.22201851851851853 0.011093750000000001 0.016574074074074074
1 0.407078125 0.21026851851851852 0.013213541666666667 0.021962962962962962
1 0.38694270833333333 0.2123611111111111 0.013302083333333332 0.015185185185185184
1 0.376765625 0.21792592592592594 0.014239583333333333 0.01636111111111111
1 0.3663020833333333 0.21305555555555555 0.010692708333333334 0.016592592592592593
1 0.3407864583333333 0.20236111111111113 0.008979166666666667 0.012138888888888888
1 0.3488072916666667 0.20594444444444443 0.008213541666666666 0.012324074074074074
1 0.3568020833333333 0.20717592592592593 0.010750000000000001 0.014796296296296297
1 0.335296875 0.19543518518518518 0.010333333333333333 0.015212962962962963
1 0.36619270833333334 0.20205555555555554 0.009916666666666666 0.0145
3 0.37624479166666663 0.1936203703703704 0.013203125000000001 0.022555555555555554
1 0.395375 0.20719444444444446 0.012791666666666666 0.013814814814814814