2 0.0625 0.7 0.03958333333333333 0.06481481481481481
3 0.27890625 0.3990740740740741 0.1140625 0.1388888888888889
3 0.09557291666666666 0.49537037037037035 0.1359375 0.19074074074074074
1 0.5127604166666667 0.8013888888888889 0.08802083333333334 0.14166666666666666
1 0.77109375 0.5717592592592593 0.049479166666666664 0.10277777777777777
1 0.2677083333333333 0.5453703703703704 0.065625 0.08148148148148149
1 0.16015625 0.5310185185185186 0.06614583333333333 0.08055555555555556
1 0.25390625 0.500462962962963 0.06302083333333333 0.06944444444444445
1 0.3341145833333333 0.42592592592592593 0.049479166666666664 0.06296296296296296
1 0.5953125 0.48657407407407405 0.05625 0.10462962962962963
1 0.6200520833333333 0.29259259259259257 0.0234375 0.03518518518518519
1 0.43697916666666664 0.3800925925925926 0.03958333333333333 0.05092592592592592
1 0.6770833333333334 0.3189814814814815 0.029166666666666667 0.05648148148148148
1 0.21666666666666667 0.44305555555555554 0.026041666666666668 0.04722222222222222
1 0.5005208333333333 0.31851851851851853 0.029166666666666667 0.03888888888888889
1 0.6729166666666667 0.26157407407407407 0.019791666666666666 0.03796296296296296
1 0.04583333333333333 0.7962962962962963 0.090625 0.13703703703703704
1 0.45286458333333335 0.3236111111111111 0.03177083333333333 0.03981481481481482
1 0.384375 0.35138888888888886 0.03125 0.04537037037037037
1 0.409375 0.3541666666666667 0.040625 0.062037037037037036
1 0.5354166666666667 0.2828703703703704 0.026041666666666668 0.03611111111111111
1 0.43723958333333335 0.30787037037037035 0.030729166666666665 0.041666666666666664
1 0.5583333333333333 0.2657407407407407 0.021875 0.02962962962962963
1 0.65 0.2300925925925926 0.013541666666666667 0.021296296296296296
3 0.4688802083333333 0.26240740740740737 0.03338541666666662 0.05568518518518517
1 0.69453125 0.2324074074074074 0.0140625 0.024074074074074074
1 0.4942708333333333 0.28935185185185186 0.028125 0.041666666666666664
1 0.98984375 0.325 0.016145833333333335 0.044444444444444446
1 0.007552083333333333 0.6097222222222223 0.0140625 0.08425925925925926
1 0.8068697916666667 0.20660185185185184 0.01349479166666659 0.0191111111111111
1 0.8141145833333333 0.2004074074074074 0.011036458333333362 0.01601851851851853
1 0.7303697916666666 0.21347222222222223 0.01331770833333342 0.01705555555555557
1 0.7397552083333333 0.2007037037037037 0.009708333333333267 0.018472222222222213
3 0.726984375 0.19094444444444444 0.014859375000000103 0.033351851851851834
1 0.709890625 0.2097037037037037 0.012442708333333267 0.021611111111111088
1 0.715796875 0.20197222222222222 0.011093750000000095 0.02008333333333333
1 0.6949791666666667 0.20975925925925926 0.012473958333333238 0.01985185185185185
1 0.6800677083333333 0.22032407407407406 0.014578124999999886 0.02146296296296297
1 0.6632395833333333 0.2389722222222222 0.02053125000000004 0.023444444444444466
3 0.3896145833333333 0.3093796296296296 0.062239583333333334 0.08068518518518518
1 0.48204166666666665 0.2743055555555556 0.028713541666666724 0.04243518518518522
1 0.5150260416666667 0.2693888888888889 0.029447916666666647 0.03756481481481486
1 0.5232604166666667 0.2498425925925926 0.018588541666666694 0.02339814814814813
1 0.5120104166666667 0.24544444444444444 0.01473958333333331 0.02356481481481483
1 0.5408854166666667 0.2576203703703704 0.021999999999999947 0.023999999999999962
1 0.5601458333333333 0.24341666666666664 0.018802083333333285 0.025490740740740717
3 0.5592552083333333 0.22171296296296295 0.025624999999999905 0.04286111111111111
2 0.5764479166666666 0.2426759259259259 0.0074947916666666 0.023018518518518532
1 0.588109375 0.24260185185185185 0.020041666666666676 0.026842592592592602
1 0.5823072916666666 0.22510185185185186 0.01650520833333336 0.02374074074074073
1 0.57503125 0.21637962962962962 0.011447916666666676 0.01625925925925926
1 0.6100156250000001 0.2286574074074074 0.017703124999999886 0.022870370370370385
1 0.5990260416666667 0.22201851851851853 0.011093750000000095 0.016574074074074054
1 0.5929218749999999 0.21026851851851852 0.01321354166666661 0.021962962962962934
1 0.6130572916666668 0.2123611111111111 0.013302083333333315 0.015185185185185164
1 0.6232343750000001 0.21792592592592594 0.01423958333333341 0.016361111111111125
1 0.6336979166666666 0.21305555555555555 0.010692708333333438 0.016592592592592607
1 0.6592135416666667 0.20236111111111113 0.008979166666666554 0.012138888888888902
1 0.6511927083333333 0.20594444444444443 0.008213541666666657 0.012324074074074076
1 0.6431979166666667 0.20717592592592593 0.010749999999999933 0.014796296296296313
1 0.6647031250000001 0.19543518518518518 0.01033333333333341 0.01521296296296297
1 0.6338072916666666 0.20205555555555554 0.009916666666666648 0.014500000000000023
3 0.6237552083333334 0.1936203703703704 0.013203124999999953 0.022555555555555568
1 0.6046250000000001 0.20719444444444446 0.012791666666666639 0.01381481481481483