0 0.21822916666666667 0.287962962962963 0.03333333333333333 0.08888888888888889
3 0.3377604166666667 0.2800925925925926 0.033854166666666664 0.06388888888888888
3 0.9153645833333334 0.5740740740740741 0.10885416666666667 0.15
3 0.009114583333333334 0.34675925925925927 0.018229166666666668 0.05277777777777778
1 0.4669270833333333 0.4546296296296296 0.044270833333333336 0.05925925925925926
1 0.8169270833333333 0.4708333333333333 0.05260416666666667 0.058333333333333334
1 0.9151041666666667 0.663425925925926 0.09270833333333334 0.10462962962962963
1 0.7981770833333334 0.5504629629629629 0.0671875 0.0787037037037037
1 0.309375 0.4828703703703704 0.017708333333333333 0.06759259259259259
1 0.3151041666666667 0.3726851851851852 0.030208333333333334 0.04351851851851852
1 0.6447916666666667 0.4078703703703704 0.04375 0.05648148148148148
1 0.41901041666666666 0.2967592592592593 0.027604166666666666 0.03981481481481482
1 0.7203125 0.4703703703703704 0.058333333333333334 0.08148148148148149
1 0.59765625 0.4115740740740741 0.043229166666666666 0.058333333333333334
1 0.7088541666666667 0.5236111111111111 0.065625 0.08981481481481482
1 0.96796875 0.8055555555555556 0.06302083333333333 0.12037037037037036
1 0.3572916666666667 0.3333333333333333 0.028125 0.05740740740740741
1 0.58125 0.30462962962962964 0.030208333333333334 0.03333333333333333
1 0.38177083333333334 0.29907407407407405 0.026041666666666668 0.037037037037037035
1 0.5283854166666667 0.3435185185185185 0.033854166666666664 0.04259259259259259
1 0.30807291666666664 0.23842592592592593 0.016145833333333335 0.026851851851851852
1 0.48046875 0.29953703703703705 0.025520833333333333 0.032407407407407406
1 0.5625 0.3375 0.030208333333333334 0.03981481481481482
1 0.47109375 0.26342592592592595 0.022395833333333334 0.032407407407407406
1 0.5033854166666667 0.2912037037037037 0.0234375 0.032407407407407406
1 0.66171875 0.3541666666666667 0.0421875 0.05462962962962963
1 0.7119791666666667 0.38935185185185184 0.05 0.05648148148148148
1 0.5348958333333333 0.27361111111111114 0.020833333333333332 0.028703703703703703
1 0.6161458333333333 0.3287037037037037 0.03125 0.03888888888888889
1 0.5963541666666666 0.33935185185185185 0.03333333333333333 0.03796296296296296
1 0.51796875 0.2791666666666667 0.024479166666666666 0.030555555555555555
1 0.5380208333333333 0.31157407407407406 0.03125 0.03981481481481482
1 0.43385416666666665 0.26296296296296295 0.020833333333333332 0.024074074074074074
1 0.5015625 0.2564814814814815 0.019791666666666666 0.022222222222222223
1 0.7018229166666666 0.41064814814814815 0.05260416666666667 0.058333333333333334
3 0.9439322916666666 0.534074074074074 0.11213020833333333 0.22312037037037036
2 0.6080677083333333 0.3908148148148148 0.014375 0.03911111111111111
1 0.28843749999999996 0.2141111111111111 0.013145833333333332 0.02051851851851852
3 0.4444427083333334 0.24603703703703705 0.019578125000000002 0.031148148148148147
1 0.429828125 0.2416296296296296 0.018385416666666664 0.024972222222222222
1 0.4048802083333333 0.23886111111111114 0.02014583333333333 0.023796296296296295
1 0.38907291666666666 0.2280925925925926 0.017072916666666667 0.0215
1 0.37196874999999996 0.21725 0.011890624999999998 0.019055555555555555
1 0.417328125 0.2298888888888889 0.016505208333333334 0.017222222222222222
1 0.45667708333333334 0.2331574074074074 0.014526041666666666 0.018518518518518517
1 0.4765260416666666 0.25139814814814815 0.022244791666666666 0.03575
1 0.48304687500000004 0.2371759259259259 0.016588541666666668 0.020425925925925924
1 0.4418958333333334 0.2315648148148148 0.011526041666666665 0.017083333333333332
1 0.4346197916666667 0.22047222222222224 0.010255208333333333 0.0115
1 0.409046875 0.208 0.010765625000000001 0.020675925925925924
1 0.4144479166666667 0.21850925925925926 0.013213541666666667 0.015453703703703706
0 0.393796875 0.20219444444444445 0.025526041666666666 0.044055555555555556
1 0.37422916666666667 0.20808333333333331 0.014932291666666668 0.020833333333333332
1 0.33670833333333333 0.19944444444444445 0.010619791666666666 0.016694444444444446
1 0.27619791666666665 0.19846296296296298 0.009260416666666667 0.01647222222222222
1 0.28199479166666663 0.19461111111111112 0.009046875000000001 0.01575
1 0.180921875 0.19937962962962963 0.012052083333333333 0.019175925925925926
1 0.34550000000000003 0.20395370370370372 0.008776041666666668 0.012305555555555554
1 0.35876562500000003 0.19822222222222224 0.010505208333333333 0.014768518518518518