1 0.5684895833333333 0.6143518518518518 0.030729166666666665 0.03796296296296296
1 0.6822916666666666 0.5652777777777778 0.022916666666666665 0.028703703703703703
1 0.6838541666666667 0.5231481481481481 0.016666666666666666 0.02962962962962963
1 0.6440104166666667 0.5425925925925926 0.0203125 0.02962962962962963
1 0.5536458333333333 0.5689814814814815 0.026041666666666668 0.030555555555555555
1 0.3779791666666667 0.5709166666666667 0.03438020833333333 0.04164814814814816
1 0.34375 0.5412037037037037 0.013541666666666667 0.028703703703703703
1 0.48880208333333336 0.7532407407407408 0.018229166666666668 0.03981481481481482
1 0.6518229166666667 0.48333333333333334 0.0140625 0.025925925925925925
1 0.049479166666666664 0.8416666666666667 0.058333333333333334 0.06481481481481481
1 0.14464583333333333 0.8137962962962962 0.08057291666666667 0.09424999999999997
1 0.45814583333333336 0.5384074074074074 0.029296875 0.03798148148148146
1 0.7093802083333334 0.3897222222222222 0.020614583333333294 0.03193518518518519
1 0.5039166666666667 0.49958333333333327 0.024171875000000044 0.029805555555555606
1 0.5339947916666666 0.5042777777777778 0.024406250000000008 0.028296296296296247
1 0.5580677083333333 0.4821666666666667 0.018270833333333295 0.02297222222222217
1 0.5679062500000001 0.45540740740740737 0.018718750000000027 0.027027777777777828
1 0.5943645833333332 0.4555185185185185 0.020937499999999904 0.02258333333333332
1 0.6098645833333334 0.44277777777777777 0.014447916666666553 0.01888888888888887
1 0.6021406250000001 0.43398148148148147 0.014140625000000047 0.01529629629629628
1 0.40901041666666665 0.5801111111111111 0.03553645833333334 0.05658333333333324
1 0.3384010416666667 0.6262222222222222 0.03751562499999998 0.0518611111111111
1 0.61834375 0.42011111111111116 0.011635416666666742 0.017388888888888863