2 0.43802083333333336 0.7763888888888889 0.01875 0.049074074074074076
3 0.7111979166666667 0.6625 0.03697916666666667 0.09166666666666666
1 0.7330729166666666 0.8199074074074074 0.04114583333333333 0.062037037037037036
1 0.16015625 0.8157407407407408 0.06510416666666667 0.07777777777777778
1 0.74140625 0.937037037037037 0.05677083333333333 0.10555555555555556
1 0.49270833333333336 0.7467592592592592 0.04375 0.06574074074074074
1 0.625 0.7703703703703704 0.03958333333333333 0.05925925925925926
1 0.4908854166666667 0.9032407407407408 0.05677083333333333 0.08055555555555556
1 0.5994791666666667 0.899074074074074 0.05 0.08148148148148149
1 0.45390625 0.6893518518518519 0.04114583333333333 0.05648148148148148
1 0.71171875 0.7305555555555555 0.03177083333333333 0.05185185185185185
1 0.35833333333333334 0.8236111111111111 0.05520833333333333 0.07314814814814814
1 0.5755208333333334 0.6055555555555555 0.027083333333333334 0.03518518518518519
1 0.63515625 0.7138888888888889 0.034895833333333334 0.05555555555555555
1 0.5684895833333333 0.7245370370370371 0.04114583333333333 0.05462962962962963
1 0.5447916666666667 0.5828703703703704 0.026041666666666668 0.03611111111111111
1 0.4984375 0.6398148148148148 0.034375 0.046296296296296294
1 0.6015625 0.6337962962962963 0.029166666666666667 0.04351851851851852
1 0.6799479166666667 0.5615740740740741 0.018229166666666668 0.028703703703703703
1 0.31796875 0.6736111111111112 0.0328125 0.05092592592592592
1 0.6494791666666667 0.6412037037037037 0.027083333333333334 0.058333333333333334
1 0.6997395833333333 0.5953703703703703 0.019270833333333334 0.03333333333333333
1 0.41432291666666665 0.6046296296296296 0.033854166666666664 0.03888888888888889
1 0.609375 0.5467592592592593 0.021875 0.030555555555555555
1 0.7192708333333333 0.5481481481481482 0.015625 0.027777777777777776
1 0.016145833333333335 0.7032407407407407 0.030208333333333334 0.05092592592592592
1 0.5299479166666666 0.5050925925925925 0.0203125 0.028703703703703703
1 0.6263020833333334 0.5824074074074074 0.022395833333333334 0.03888888888888889
1 0.2755208333333333 0.9402777777777778 0.07916666666666666 0.09722222222222222
1 0.5861979166666667 0.5277777777777778 0.0203125 0.025925925925925925
1 0.2747395833333333 0.6703703703703704 0.0234375 0.03333333333333333
1 0.6346354166666667 0.4708333333333333 0.0140625 0.019444444444444445
1 0.6247395833333333 0.5152777777777777 0.015104166666666667 0.025
1 0.57265625 0.47314814814814815 0.013020833333333334 0.016666666666666666
1 0.6388020833333333 0.500462962962963 0.016145833333333335 0.023148148148148147
1 0.48541666666666666 0.5430555555555555 0.026041666666666668 0.03425925925925926
1 0.696875 0.5208333333333334 0.015625 0.032407407407407406
1 0.6057291666666667 0.5041666666666667 0.016666666666666666 0.025
1 0.44177083333333333 0.5481666666666667 0.03434375000000003 0.036129629629629616
3 0.66325 0.5014166666666666 0.019473958333333267 0.047675925925925934
1 0.6955677083333334 0.49974074074074076 0.016859374999999944 0.015148148148148055
1 0.7174010416666666 0.5079722222222223 0.019718750000000066 0.033222222222222327
1 0.6180260416666667 0.4898148148148148 0.01854166666666662 0.024203703703703797
1 0.6565572916666668 0.47302777777777777 0.01495833333333323 0.019074074074074042
1 0.6537447916666667 0.4573888888888889 0.01584375000000004 0.019388888888888938
3 0.6823489583333334 0.47797222222222224 0.02321354166666675 0.02264814814814818
1 0.6051770833333333 0.44489814814814815 0.014541666666666704 0.015435185185185147
1 0.6363385416666667 0.4231759259259259 0.013958333333333428 0.019027777777777737
1 0.6947604166666667 0.40787962962962965 0.010213541666666734 0.01610185185185184
2 0.6896875 0.4133703703703704 0.005317708333333352 0.0150833333333333
1 0.6842708333333333 0.41883333333333334 0.008890625000000086 0.014027777777777757
1 0.67859375 0.42244444444444446 0.009859374999999915 0.011092592592592609
3 0.6588125 0.6064259259259259 0.026296874999999886 0.0533425925925925
1 0.6910572916666666 0.6514444444444444 0.02086979166666675 0.04980555555555552