2 0.16067708333333333 0.8143518518518519 0.024479166666666666 0.05277777777777778
2 0.5723958333333333 0.6180555555555556 0.010416666666666666 0.030555555555555555
1 0.34707291666666673 0.6146574074074075 0.0436614583333333 0.05936111111111102
2 0.36354166666666665 0.6263888888888889 0.0125 0.03981481481481482
3 0.7546875 0.8384259259259259 0.053125 0.125
3 0.54453125 0.7893518518518519 0.0484375 0.11203703703703703
1 0.44375 0.7314814814814815 0.04479166666666667 0.05925925925925926
1 0.7395833333333334 0.9527777777777777 0.052083333333333336 0.08333333333333333
1 0.30104166666666665 0.9148148148148149 0.07291666666666667 0.09444444444444444
1 0.6473958333333333 0.675 0.030208333333333334 0.046296296296296294
1 0.04192708333333333 0.9157407407407407 0.08177083333333333 0.12407407407407407
1 0.5752604166666667 0.7134259259259259 0.034895833333333334 0.05648148148148148
1 0.46197916666666666 0.9467592592592593 0.075 0.10462962962962963
1 0.5177083333333333 0.6185185185185185 0.030208333333333334 0.03888888888888889
1 0.33098958333333334 0.9837962962962963 0.059895833333333336 0.028703703703703703
1 0.7231770833333333 0.7652777777777777 0.0359375 0.05462962962962963
1 0.6182291666666667 0.6027777777777777 0.026041666666666668 0.05185185185185185
1 0.7046875 0.7111111111111111 0.030208333333333334 0.04814814814814815
1 0.6067708333333334 0.5634259259259259 0.025 0.030555555555555555
1 0.3932291666666667 0.6222222222222222 0.035416666666666666 0.044444444444444446
1 0.6252604166666667 0.5231481481481481 0.018229166666666668 0.02962962962962963
1 0.5828125 0.5324074074074074 0.021875 0.027777777777777776
1 0.6526041666666667 0.5324074074074074 0.019791666666666666 0.03148148148148148
1 0.6690104166666667 0.5777777777777777 0.0234375 0.03148148148148148
1 0.5635416666666667 0.5550925925925926 0.023958333333333335 0.03611111111111111
1 0.6872395833333333 0.5449074074074074 0.018229166666666668 0.026851851851851852
1 0.69921875 0.6527777777777778 0.0265625 0.05185185185185185
1 0.7182291666666667 0.6277777777777778 0.020833333333333332 0.03888888888888889
1 0.7114583333333333 0.5578703703703703 0.01875 0.028703703703703703
1 0.021614583333333333 0.8287037037037037 0.04114583333333333 0.08148148148148149
1 0.7026041666666667 0.5199074074074074 0.016666666666666666 0.028703703703703703
1 0.7033854166666667 0.6 0.0234375 0.03333333333333333
1 0.36171875 0.5662037037037037 0.0203125 0.025
1 0.47708333333333336 0.5537037037037037 0.016666666666666666 0.024074074074074074
2 0.4482916666666667 0.5603981481481481 0.01334895833333339 0.04085185185185175
1 0.55015625 0.49336111111111114 0.020687499999999897 0.03488888888888895
1 0.5176354166666667 0.48952777777777784 0.022494791666666694 0.04032407407407403
1 0.6331875 0.42562962962962964 0.014828124999999895 0.021222222222222184
3 0.6975781249999999 0.494787037037037 0.03149479166666656 0.05271296296296297