1 0.45286458333333335 0.788425925925926 0.049479166666666664 0.062037037037037036
1 0.3645833333333333 0.7185185185185186 0.034375 0.04814814814814815
1 0.5158854166666667 0.663425925925926 0.03802083333333333 0.04351851851851852
1 0.9065104166666667 0.8587962962962963 0.0890625 0.08425925925925926
1 0.3723958333333333 0.5907407407407408 0.028125 0.03333333333333333
1 0.3377604166666667 0.600462962962963 0.027604166666666666 0.04351851851851852
1 0.3736979166666667 0.5222222222222223 0.0203125 0.025925925925925925
1 0.3223958333333333 0.4828703703703704 0.017708333333333333 0.021296296296296296
1 0.2911458333333333 0.5694444444444444 0.022916666666666665 0.025925925925925925
1 0.3 0.5120370370370371 0.01875 0.020370370370370372
1 0.4109375 0.5231481481481481 0.021875 0.024074074074074074
1 0.29296875 0.4847222222222222 0.016145833333333335 0.021296296296296296
1 0.25807291666666665 0.5606481481481481 0.0265625 0.032407407407407406
1 0.6744791666666666 0.6648148148148149 0.042708333333333334 0.05925925925925926
1 0.3136145833333333 0.4208240740740741 0.012348958333333333 0.016388888888888887
1 0.3442447916666667 0.44393518518518515 0.008916666666666666 0.015259259259259259
1 0.5691510416666666 0.5879629629629629 0.0318125 0.03409259259259259
1 0.47131249999999997 0.5088148148148148 0.020296875 0.02325925925925926
1 0.429796875 0.47658333333333336 0.023265625 0.027796296296296295