1 0.4315104166666667 0.6143518518518518 0.030729166666666665 0.03796296296296296
1 0.3177083333333333 0.5652777777777778 0.022916666666666665 0.028703703703703703
1 0.31614583333333335 0.5231481481481481 0.016666666666666666 0.02962962962962963
1 0.35598958333333336 0.5425925925925926 0.0203125 0.02962962962962963
1 0.44635416666666666 0.5689814814814815 0.026041666666666668 0.030555555555555555
1 0.6220208333333334 0.5709166666666667 0.034380208333333336 0.04164814814814814
1 0.65625 0.5412037037037037 0.013541666666666667 0.028703703703703703
1 0.5111979166666667 0.7532407407407408 0.018229166666666668 0.03981481481481482
1 0.34817708333333336 0.48333333333333334 0.0140625 0.025925925925925925
1 0.9505208333333334 0.8416666666666667 0.058333333333333334 0.06481481481481481
1 0.8553541666666666 0.8137962962962962 0.08057291666666666 0.09425
1 0.5418541666666666 0.5384074074074074 0.029296875 0.037981481481481484
1 0.2906197916666667 0.3897222222222222 0.020614583333333332 0.031935185185185185
1 0.4960833333333333 0.49958333333333327 0.024171875 0.029805555555555554
1 0.46600520833333337 0.5042777777777778 0.02440625 0.028296296296296295
1 0.44193229166666664 0.4821666666666667 0.018270833333333333 0.02297222222222222
1 0.43209375 0.45540740740740737 0.01871875 0.02702777777777778
1 0.4056354166666667 0.4555185185185185 0.0209375 0.022583333333333334
1 0.3901354166666666 0.44277777777777777 0.014447916666666666 0.01888888888888889
1 0.397859375 0.43398148148148147 0.014140624999999999 0.015296296296296296
1 0.5909895833333334 0.5801111111111111 0.03553645833333333 0.05658333333333333
1 0.6615989583333334 0.6262222222222222 0.037515625000000004 0.05186111111111111
1 0.38165625 0.42011111111111116 0.011635416666666667 0.01738888888888889