2 0.8393229166666667 0.8143518518518519 0.024479166666666666 0.05277777777777778
2 0.4276041666666667 0.6180555555555556 0.010416666666666666 0.030555555555555555
1 0.6529270833333333 0.6146574074074075 0.04366145833333333 0.05936111111111111
2 0.6364583333333333 0.6263888888888889 0.0125 0.03981481481481482
3 0.2453125 0.8384259259259259 0.053125 0.125
3 0.45546875 0.7893518518518519 0.0484375 0.11203703703703703
1 0.55625 0.7314814814814815 0.04479166666666667 0.05925925925925926
1 0.2604166666666667 0.9527777777777777 0.052083333333333336 0.08333333333333333
1 0.6989583333333333 0.9148148148148149 0.07291666666666667 0.09444444444444444
1 0.35260416666666666 0.675 0.030208333333333334 0.046296296296296294
1 0.9580729166666667 0.9157407407407407 0.08177083333333333 0.12407407407407407
1 0.42473958333333334 0.7134259259259259 0.034895833333333334 0.05648148148148148
1 0.5380208333333333 0.9467592592592593 0.075 0.10462962962962963
1 0.4822916666666667 0.6185185185185185 0.030208333333333334 0.03888888888888889
1 0.6690104166666667 0.9837962962962963 0.059895833333333336 0.028703703703703703
1 0.27682291666666664 0.7652777777777777 0.0359375 0.05462962962962963
1 0.38177083333333334 0.6027777777777777 0.026041666666666668 0.05185185185185185
1 0.2953125 0.7111111111111111 0.030208333333333334 0.04814814814814815
1 0.3932291666666667 0.5634259259259259 0.025 0.030555555555555555
1 0.6067708333333334 0.6222222222222222 0.035416666666666666 0.044444444444444446
1 0.37473958333333335 0.5231481481481481 0.018229166666666668 0.02962962962962963
1 0.4171875 0.5324074074074074 0.021875 0.027777777777777776
1 0.34739583333333335 0.5324074074074074 0.019791666666666666 0.03148148148148148
1 0.33098958333333334 0.5777777777777777 0.0234375 0.03148148148148148
1 0.43645833333333334 0.5550925925925926 0.023958333333333335 0.03611111111111111
1 0.31276041666666665 0.5449074074074074 0.018229166666666668 0.026851851851851852
1 0.30078125 0.6527777777777778 0.0265625 0.05185185185185185
1 0.28177083333333336 0.6277777777777778 0.020833333333333332 0.03888888888888889
1 0.28854166666666664 0.5578703703703703 0.01875 0.028703703703703703
1 0.9783854166666667 0.8287037037037037 0.04114583333333333 0.08148148148148149
1 0.29739583333333336 0.5199074074074074 0.016666666666666666 0.028703703703703703
1 0.29661458333333335 0.6 0.0234375 0.03333333333333333
1 0.63828125 0.5662037037037037 0.0203125 0.025
1 0.5229166666666667 0.5537037037037037 0.016666666666666666 0.024074074074074074
2 0.5517083333333334 0.5603981481481481 0.013348958333333332 0.04085185185185185
1 0.44984375000000004 0.49336111111111114 0.0206875 0.034888888888888886
1 0.4823645833333333 0.48952777777777784 0.022494791666666666 0.040324074074074075
1 0.3668125 0.42562962962962964 0.014828125 0.021222222222222222
3 0.302421875 0.494787037037037 0.03149479166666667 0.05271296296296296