2 0.8885416666666667 0.8699074074074075 0.029166666666666667 0.0787037037037037
2 0.29921875 0.6935185185185185 0.011979166666666667 0.04259259259259259
3 0.36328125 0.712037037037037 0.044270833333333336 0.10185185185185185
3 0.4864583333333333 0.8560185185185185 0.05625 0.10277777777777777
3 0.37005208333333334 0.575 0.0234375 0.046296296296296294
3 0.3338541666666667 0.5958333333333333 0.022916666666666665 0.049074074074074076
1 0.2747395833333333 0.7972222222222223 0.0421875 0.06851851851851852
1 0.25677083333333334 0.9296296296296296 0.052083333333333336 0.07962962962962963
1 0.41901041666666666 0.7060185185185185 0.0359375 0.049074074074074076
1 0.65 0.8449074074074074 0.057291666666666664 0.0712962962962963
1 0.5190104166666667 0.663425925925926 0.0359375 0.041666666666666664
1 0.42682291666666666 0.9412037037037037 0.059895833333333336 0.11388888888888889
1 0.15807291666666667 0.9787037037037037 0.1015625 0.03888888888888889
1 0.5515625 0.5722222222222222 0.029166666666666667 0.03333333333333333
1 0.48333333333333334 0.6231481481481481 0.029166666666666667 0.03888888888888889
1 0.5244791666666667 0.7685185185185185 0.051041666666666666 0.07592592592592592
1 0.44244791666666666 0.6398148148148148 0.030729166666666665 0.04259259259259259
1 0.7703125 0.7601851851851852 0.053125 0.07037037037037037
1 0.4432291666666667 0.5708333333333333 0.025 0.032407407407407406
1 0.33958333333333335 0.5180555555555556 0.01875 0.026851851851851852
1 0.30572916666666666 0.649537037037037 0.028125 0.041666666666666664
1 0.65390625 0.6597222222222222 0.04010416666666667 0.049074074074074076
1 0.6354166666666666 0.5592592592592592 0.013541666666666667 0.020370370370370372
1 0.39088541666666665 0.5449074074074074 0.022395833333333334 0.03611111111111111
1 0.2942708333333333 0.6236111111111111 0.021875 0.03611111111111111
1 0.3223958333333333 0.5601851851851852 0.01875 0.03148148148148148
1 0.29609375 0.5773148148148148 0.022395833333333334 0.03796296296296296
1 0.3265625 0.48333333333333334 0.014583333333333334 0.022222222222222223
1 0.36380208333333336 0.5032407407407408 0.016145833333333335 0.023148148148148147
1 0.3033854166666667 0.5421296296296296 0.0171875 0.025
1 0.5125 0.5425925925925926 0.025 0.02962962962962963
1 0.28020833333333334 0.5333333333333333 0.015625 0.025925925925925925
1 0.35052083333333334 0.45231481481481484 0.0125 0.017592592592592594
1 0.7330729166666666 0.6847222222222222 0.033854166666666664 0.04722222222222222
1 0.31744791666666666 0.41898148148148145 0.0109375 0.01574074074074074
1 0.290625 0.4912037037037037 0.015625 0.028703703703703703
1 0.42265625 0.47175925925925927 0.013020833333333334 0.017592592592592594
1 0.37473958333333335 0.48148148148148145 0.0140625 0.018518518518518517
1 0.90546875 0.8074074074074075 0.0640625 0.08148148148148149
1 0.9639270833333333 0.7705740740740741 0.052203125 0.07623148148148148
1 0.6558333333333334 0.6252037037037037 0.0398125 0.04587037037037037
1 0.4812291666666667 0.5148611111111111 0.024630208333333334 0.03125
1 0.46171354166666667 0.4962407407407408 0.021432291666666665 0.033351851851851855
1 0.40622395833333336 0.4577037037037037 0.013041666666666667 0.022509259259259257
1 0.41411458333333334 0.44675925925925924 0.012812500000000001 0.01574074074074074
1 0.39494270833333334 0.4503148148148148 0.013489583333333333 0.01485185185185185
1 0.34395312499999997 0.40841666666666665 0.011067708333333334 0.01287962962962963
1 0.33684895833333334 0.40141666666666664 0.011359375 0.011324074074074075
1 0.32934375 0.39487037037037037 0.008359375 0.010675925925925926
1 0.347171875 0.39993518518518517 0.009494791666666667 0.011916666666666666
2 0.37920312500000003 0.5008148148148148 0.00953125 0.02336111111111111
1 0.29778645833333334 0.3952685185185185 0.011536458333333333 0.016083333333333335