2 0.5619791666666667 0.7763888888888889 0.01875 0.049074074074074076
3 0.28880208333333335 0.6625 0.03697916666666667 0.09166666666666666
1 0.2669270833333333 0.8199074074074074 0.04114583333333333 0.062037037037037036
1 0.83984375 0.8157407407407408 0.06510416666666667 0.07777777777777778
1 0.25859375 0.937037037037037 0.05677083333333333 0.10555555555555556
1 0.5072916666666667 0.7467592592592592 0.04375 0.06574074074074074
1 0.375 0.7703703703703704 0.03958333333333333 0.05925925925925926
1 0.5091145833333334 0.9032407407407408 0.05677083333333333 0.08055555555555556
1 0.4005208333333333 0.899074074074074 0.05 0.08148148148148149
1 0.54609375 0.6893518518518519 0.04114583333333333 0.05648148148148148
1 0.28828125 0.7305555555555555 0.03177083333333333 0.05185185185185185
1 0.6416666666666667 0.8236111111111111 0.05520833333333333 0.07314814814814814
1 0.4244791666666667 0.6055555555555555 0.027083333333333334 0.03518518518518519
1 0.36484375 0.7138888888888889 0.034895833333333334 0.05555555555555555
1 0.4315104166666667 0.7245370370370371 0.04114583333333333 0.05462962962962963
1 0.4552083333333333 0.5828703703703704 0.026041666666666668 0.03611111111111111
1 0.5015625 0.6398148148148148 0.034375 0.046296296296296294
1 0.3984375 0.6337962962962963 0.029166666666666667 0.04351851851851852
1 0.32005208333333335 0.5615740740740741 0.018229166666666668 0.028703703703703703
1 0.68203125 0.6736111111111112 0.0328125 0.05092592592592592
1 0.35052083333333334 0.6412037037037037 0.027083333333333334 0.058333333333333334
1 0.30026041666666664 0.5953703703703703 0.019270833333333334 0.03333333333333333
1 0.5856770833333333 0.6046296296296296 0.033854166666666664 0.03888888888888889
1 0.390625 0.5467592592592593 0.021875 0.030555555555555555
1 0.28072916666666664 0.5481481481481482 0.015625 0.027777777777777776
1 0.9838541666666667 0.7032407407407407 0.030208333333333334 0.05092592592592592
1 0.4700520833333333 0.5050925925925925 0.0203125 0.028703703703703703
1 0.3736979166666667 0.5824074074074074 0.022395833333333334 0.03888888888888889
1 0.7244791666666667 0.9402777777777778 0.07916666666666666 0.09722222222222222
1 0.41380208333333335 0.5277777777777778 0.0203125 0.025925925925925925
1 0.7252604166666666 0.6703703703703704 0.0234375 0.03333333333333333
1 0.3653645833333333 0.4708333333333333 0.0140625 0.019444444444444445
1 0.37526041666666665 0.5152777777777777 0.015104166666666667 0.025
1 0.42734375 0.47314814814814815 0.013020833333333334 0.016666666666666666
1 0.3611979166666667 0.500462962962963 0.016145833333333335 0.023148148148148147
1 0.5145833333333333 0.5430555555555555 0.026041666666666668 0.03425925925925926
1 0.303125 0.5208333333333334 0.015625 0.032407407407407406
1 0.39427083333333335 0.5041666666666667 0.016666666666666666 0.025
1 0.5582291666666667 0.5481666666666667 0.03434375 0.03612962962962963
3 0.33675 0.5014166666666666 0.019473958333333333 0.04767592592592593
1 0.3044322916666667 0.49974074074074076 0.016859375 0.015148148148148148
1 0.28259895833333337 0.5079722222222223 0.01971875 0.03322222222222222
1 0.3819739583333333 0.4898148148148148 0.018541666666666668 0.024203703703703703
1 0.3434427083333333 0.47302777777777777 0.014958333333333332 0.019074074074074077
1 0.3462552083333333 0.4573888888888889 0.01584375 0.01938888888888889
3 0.31765104166666663 0.47797222222222224 0.023213541666666667 0.02264814814814815
1 0.39482291666666663 0.44489814814814815 0.014541666666666668 0.015435185185185187
1 0.36366145833333335 0.4231759259259259 0.013958333333333333 0.01902777777777778
1 0.3052395833333333 0.40787962962962965 0.010213541666666666 0.016101851851851853
2 0.3103125 0.4133703703703704 0.005317708333333334 0.015083333333333332
1 0.31572916666666667 0.41883333333333334 0.008890625000000001 0.014027777777777778
1 0.32140625 0.42244444444444446 0.009859375 0.011092592592592593
3 0.34118750000000003 0.6064259259259259 0.026296875 0.053342592592592594
1 0.3089427083333333 0.6514444444444444 0.02086979166666667 0.049805555555555554