1 0.5010416666666667 0.2388888888888889 0.041666666666666664 0.06111111111111111
1 0.26458333333333334 0.16018518518518518 0.014583333333333334 0.022222222222222223
1 0.3268229166666667 0.16712962962962963 0.021354166666666667 0.032407407407407406
1 0.018489583333333334 0.6569444444444444 0.03697916666666667 0.11944444444444445
1 0.27109375 0.12407407407407407 0.009895833333333333 0.016666666666666666
1 0.3966145833333333 0.0824074074074074 0.0109375 0.014814814814814815
1 0.3854166666666667 0.0699074074074074 0.011458333333333333 0.01574074074074074
1 0.303125 0.08935185185185185 0.00625 0.012037037037037037
1 0.39817708333333335 0.10601851851851851 0.016145833333333335 0.023148148148148147
1 0.2892708333333333 0.07546296296296297 0.005630208333333333 0.012037037037037037
1 0.28671875 0.11898148148148148 0.009895833333333333 0.01574074074074074
1 0.35703125 0.06018518518518518 0.008854166666666666 0.014814814814814815
1 0.33738541666666666 0.07149074074074073 0.007520833333333333 0.010712962962962964
1 0.30924999999999997 0.055092592592592596 0.0109375 0.01574074074074074
1 0.29735416666666664 0.07312962962962963 0.007750000000000001 0.008453703703703705
1 0.3296822916666667 0.06755555555555555 0.011067708333333334 0.009481481481481481
1 0.2831458333333333 0.0557037037037037 0.00946875 0.008537037037037037