1 0.48880208333333336 0.1712962962962963 0.028645833333333332 0.037037037037037035
2 0.6205729166666667 0.3902777777777778 0.030729166666666665 0.0787037037037037
1 0.14947916666666666 0.4351851851851852 0.05 0.07777777777777778
1 0.26796875 0.18935185185185185 0.018229166666666668 0.026851851851851852
1 0.23098958333333333 0.2671296296296296 0.03177083333333333 0.05092592592592592
2 0.0296875 0.5259259259259259 0.020833333333333332 0.04259259259259259
1 0.2708333333333333 0.1550925925925926 0.0125 0.023148148148148147
1 0.25494791666666666 0.15601851851851853 0.015104166666666667 0.019444444444444445
1 0.3020833333333333 0.05462962962962963 0.010416666666666666 0.016666666666666666
1 0.32708333333333334 0.055092592592592596 0.011458333333333333 0.019444444444444445
2 0.64921875 0.5712962962962963 0.04635416666666667 0.10925925925925926
1 0.2911458333333333 0.0763888888888889 0.007291666666666667 0.013888888888888888
1 0.3796875 0.06574074074074074 0.007291666666666667 0.014814814814814815
1 0.2833333333333333 0.08703703703703704 0.007291666666666667 0.011111111111111112
1 0.27734375 0.05462962962962963 0.0171875 0.016666666666666666
0 0.16302083333333334 0.3125 0.08125 0.14166666666666666