1 0.49895833333333334 0.2388888888888889 0.041666666666666664 0.06111111111111111
1 0.7354166666666667 0.16018518518518518 0.014583333333333334 0.022222222222222223
1 0.6731770833333334 0.16712962962962963 0.021354166666666667 0.032407407407407406
1 0.9815104166666667 0.6569444444444444 0.03697916666666667 0.11944444444444445
1 0.72890625 0.12407407407407407 0.009895833333333333 0.016666666666666666
1 0.6033854166666667 0.0824074074074074 0.0109375 0.014814814814814815
1 0.6145833333333334 0.0699074074074074 0.011458333333333333 0.01574074074074074
1 0.696875 0.08935185185185185 0.00625 0.012037037037037037
1 0.6018229166666667 0.10601851851851851 0.016145833333333335 0.023148148148148147
1 0.7107291666666666 0.07546296296296297 0.005630208333333305 0.012037037037037037
1 0.71328125 0.11898148148148148 0.009895833333333333 0.01574074074074074
1 0.64296875 0.06018518518518518 0.008854166666666666 0.014814814814814815
1 0.6626145833333333 0.07149074074074073 0.007520833333333362 0.010712962962962957
1 0.69075 0.055092592592592596 0.0109375 0.01574074074074074
1 0.7026458333333333 0.07312962962962963 0.007750000000000057 0.0084537037037037
1 0.6703177083333334 0.06755555555555555 0.011067708333333334 0.00948148148148149
1 0.7168541666666667 0.0557037037037037 0.009468749999999915 0.008537037037037036