3 0.8890625 0.34629629629629627 0.05520833333333333 0.0962962962962963
3 0.5911458333333334 0.26481481481481484 0.058333333333333334 0.12962962962962962
3 0.8252604166666667 0.19722222222222222 0.05572916666666667 0.07592592592592592
3 0.50234375 0.611574074074074 0.07760416666666667 0.17685185185185184
2 0.8708333333333333 0.40324074074074073 0.017708333333333333 0.04722222222222222
1 0.4114583333333333 0.49212962962962964 0.08229166666666667 0.14351851851851852
1 0.52265625 0.2916666666666667 0.044270833333333336 0.06851851851851852
1 0.20859375 0.49953703703703706 0.09427083333333333 0.13240740740740742
1 0.490625 0.22546296296296298 0.036458333333333336 0.06018518518518518
1 0.03671875 0.912962962962963 0.07239583333333334 0.17222222222222222
1 0.8291666666666667 0.3958333333333333 0.05 0.075
1 0.38671875 0.2902777777777778 0.059895833333333336 0.0824074074074074
1 0.4171875 0.3337962962962963 0.059375 0.08611111111111111
1 0.8231770833333333 0.3074074074074074 0.0359375 0.06296296296296296
1 0.5114583333333333 0.16527777777777777 0.027083333333333334 0.032407407407407406
1 0.5557291666666667 0.15601851851851853 0.025 0.03981481481481482
1 0.7786458333333334 0.2375 0.01875 0.03425925925925926
1 0.7421875 0.15324074074074073 0.0125 0.019444444444444445
1 0.5518229166666667 0.12407407407407407 0.0171875 0.027777777777777776
1 0.5872395833333334 0.17824074074074073 0.028645833333333332 0.03611111111111111
1 0.7588541666666667 0.24166666666666667 0.029166666666666667 0.04814814814814815
1 0.5783854166666667 0.13333333333333333 0.018229166666666668 0.025925925925925925
1 0.61171875 0.12916666666666668 0.016145833333333335 0.025
1 0.621875 0.11388888888888889 0.011458333333333333 0.018518518518518517
1 0.6080729166666666 0.075 0.008854166666666666 0.014814814814814815
1 0.7200520833333334 0.13194444444444445 0.008854166666666666 0.013888888888888888
3 0.9196093750000001 0.3076388888888889 0.07020312499999998 0.053287037037036994
1 0.70234375 0.11990740740740741 0.0109375 0.021296296296296296
1 0.6713541666666667 0.09074074074074075 0.007291666666666667 0.012962962962962963
1 0.6488489583333333 0.07235185185185185 0.005166666666666705 0.012398148148148162
2 0.6434218749999999 0.07717592592592593 0.003619791666666572 0.008268518518518524
1 0.63671875 0.06805555555555555 0.0109375 0.013888888888888888
1 0.5895833333333333 0.10648148148148148 0.0125 0.016666666666666666
1 0.6260416666666667 0.07685185185185185 0.008333333333333333 0.012962962962962963
1 0.7153854166666667 0.08498148148148148 0.006973958333333267 0.00735185185185185
1 0.7067708333333333 0.08333333333333333 0.00625 0.012962962962962963
1 0.6588541666666666 0.07916666666666666 0.011458333333333333 0.023148148148148147
1 0.7125 0.1175925925925926 0.008333333333333333 0.012962962962962963
1 0.6960052083333333 0.1045 0.0074947916666666 0.010564814814814812
1 0.693421875 0.0955462962962963 0.00852604166666661 0.009185185185185173
1 0.6957447916666666 0.08451851851851852 0.006973958333333267 0.00735185185185185
1 0.72184375 0.07877777777777778 0.006973958333333267 0.009648148148148137
1 0.7139635416666666 0.07326851851851851 0.006718750000000048 0.007805555555555562
2 0.59665625 0.07969444444444444 0.004651041666666581 0.012398148148148136
1 0.6186145833333333 0.06752777777777778 0.007234374999999934 0.013777777777777774
1 0.6781770833333333 0.06821296296296296 0.00852604166666661 0.009648148148148137
3 0.6714583333333334 0.060175925925925924 0.00852604166666661 0.018370370370370374
1 0.699234375 0.057416666666666664 0.005682291666666591 0.006435185185185188
1 0.6894166666666666 0.0565 0.006718750000000048 0.012861111111111111
1 0.6589270833333333 0.06614814814814815 0.00827083333333339 0.008268518518518524
0 0.6573749999999999 0.04961111111111111 0.013953124999999981 0.0147037037037037
1 0.649625 0.06200925925925926 0.007234374999999934 0.006435185185185181
1 0.6819375000000001 0.05689814814814815 0.005817708333333371 0.007074074074074068