3 0.1109375 0.34629629629629627 0.05520833333333333 0.0962962962962963
3 0.4088541666666667 0.26481481481481484 0.058333333333333334 0.12962962962962962
3 0.17473958333333334 0.19722222222222222 0.05572916666666667 0.07592592592592592
3 0.49765625 0.611574074074074 0.07760416666666667 0.17685185185185184
2 0.12916666666666668 0.40324074074074073 0.017708333333333333 0.04722222222222222
1 0.5885416666666666 0.49212962962962964 0.08229166666666667 0.14351851851851852
1 0.47734375 0.2916666666666667 0.044270833333333336 0.06851851851851852
1 0.79140625 0.49953703703703706 0.09427083333333333 0.13240740740740742
1 0.509375 0.22546296296296298 0.036458333333333336 0.06018518518518518
1 0.96328125 0.912962962962963 0.07239583333333334 0.17222222222222222
1 0.17083333333333334 0.3958333333333333 0.05 0.075
1 0.61328125 0.2902777777777778 0.059895833333333336 0.0824074074074074
1 0.5828125 0.3337962962962963 0.059375 0.08611111111111111
1 0.17682291666666666 0.3074074074074074 0.0359375 0.06296296296296296
1 0.48854166666666665 0.16527777777777777 0.027083333333333334 0.032407407407407406
1 0.44427083333333334 0.15601851851851853 0.025 0.03981481481481482
1 0.22135416666666666 0.2375 0.01875 0.03425925925925926
1 0.2578125 0.15324074074074073 0.0125 0.019444444444444445
1 0.44817708333333334 0.12407407407407407 0.0171875 0.027777777777777776
1 0.4127604166666667 0.17824074074074073 0.028645833333333332 0.03611111111111111
1 0.24114583333333334 0.24166666666666667 0.029166666666666667 0.04814814814814815
1 0.42161458333333335 0.13333333333333333 0.018229166666666668 0.025925925925925925
1 0.38828125 0.12916666666666668 0.016145833333333335 0.025
1 0.378125 0.11388888888888889 0.011458333333333333 0.018518518518518517
1 0.3919270833333333 0.075 0.008854166666666666 0.014814814814814815
1 0.2799479166666667 0.13194444444444445 0.008854166666666666 0.013888888888888888
3 0.080390625 0.3076388888888889 0.07020312499999999 0.053287037037037036
1 0.29765625 0.11990740740740741 0.0109375 0.021296296296296296
1 0.32864583333333336 0.09074074074074075 0.007291666666666667 0.012962962962962963
1 0.35115104166666666 0.07235185185185185 0.005166666666666667 0.01239814814814815
2 0.356578125 0.07717592592592593 0.0036197916666666666 0.008268518518518519
1 0.36328125 0.06805555555555555 0.0109375 0.013888888888888888
1 0.41041666666666665 0.10648148148148148 0.0125 0.016666666666666666
1 0.37395833333333334 0.07685185185185185 0.008333333333333333 0.012962962962962963
1 0.28461458333333334 0.08498148148148148 0.006973958333333334 0.0073518518518518525
1 0.29322916666666665 0.08333333333333333 0.00625 0.012962962962962963
1 0.3411458333333333 0.07916666666666666 0.011458333333333333 0.023148148148148147
1 0.2875 0.1175925925925926 0.008333333333333333 0.012962962962962963
1 0.30399479166666665 0.1045 0.007494791666666667 0.010564814814814815
1 0.306578125 0.0955462962962963 0.008526041666666668 0.009185185185185185
1 0.3042552083333333 0.08451851851851852 0.006973958333333334 0.0073518518518518525
1 0.27815625 0.07877777777777778 0.006973958333333334 0.009648148148148149
1 0.28603645833333335 0.07326851851851851 0.00671875 0.007805555555555555
2 0.40334375 0.07969444444444444 0.004651041666666666 0.01239814814814815
1 0.38138541666666664 0.06752777777777778 0.007234375 0.013777777777777778
1 0.3218229166666667 0.06821296296296296 0.008526041666666668 0.009648148148148149
3 0.3285416666666666 0.060175925925925924 0.008526041666666668 0.01837037037037037
1 0.30076562500000004 0.057416666666666664 0.005682291666666667 0.006435185185185185
1 0.3105833333333334 0.0565 0.00671875 0.012861111111111111
1 0.34107291666666667 0.06614814814814815 0.008270833333333333 0.008268518518518519
0 0.342625 0.04961111111111111 0.013953125 0.014703703703703705
1 0.350375 0.06200925925925926 0.007234375 0.006435185185185185
1 0.31806249999999997 0.05689814814814815 0.005817708333333334 0.007074074074074074