3 0.77109375 0.15648148148148147 0.021354166666666667 0.03518518518518519
3 0.6455729166666667 0.15555555555555556 0.0203125 0.037037037037037035
1 0.9705729166666667 0.8171296296296297 0.058854166666666666 0.18981481481481483
1 0.86328125 0.46111111111111114 0.06197916666666667 0.12037037037037036
1 0.8002604166666667 0.33611111111111114 0.03802083333333333 0.053703703703703705
1 0.81953125 0.30416666666666664 0.0328125 0.05092592592592592
1 0.8052083333333333 0.20046296296296295 0.01875 0.026851851851851852
1 0.9015625 0.3074074074074074 0.020833333333333332 0.03148148148148148
1 0.784375 0.23657407407407408 0.025 0.04351851851851852
1 0.7580729166666667 0.24537037037037038 0.021354166666666667 0.03518518518518519
1 0.603125 0.10462962962962963 0.011458333333333333 0.016666666666666666
1 0.6559895833333333 0.08611111111111111 0.008854166666666666 0.016666666666666666
2 0.757734375 0.22049999999999997 0.012380208333333325 0.024212962962962943
1 0.75625 0.19398148148148148 0.019791666666666666 0.030555555555555555
1 0.7234375 0.17916666666666667 0.016666666666666666 0.025
1 0.6307291666666667 0.08888888888888889 0.010416666666666666 0.018518518518518517
1 0.8484375 0.24537037037037038 0.020833333333333332 0.02962962962962963
1 0.7356770833333334 0.2013888888888889 0.0203125 0.030555555555555555
1 0.7447916666666666 0.17453703703703705 0.015625 0.023148148148148147
1 0.6813125 0.057435185185185186 0.0078854166666666 0.011296296296296292
1 0.6791666666666667 0.052314814814814814 0.009375 0.013888888888888888
1 0.6684895833333333 0.1259259259259259 0.0109375 0.018518518518518517
1 0.6697916666666667 0.0962962962962963 0.009375 0.011111111111111112
1 0.6244791666666667 0.07268518518518519 0.009375 0.021296296296296296
1 0.6044270833333333 0.08055555555555556 0.009895833333333333 0.012962962962962963
1 0.64921875 0.12916666666666668 0.0140625 0.019444444444444445
2 0.7459739583333334 0.1588611111111111 0.007843749999999972 0.016879629629629647
1 0.7315104166666667 0.1476851851851852 0.011979166666666667 0.019444444444444445
2 0.6712760416666667 0.07250925925925926 0.005739583333333324 0.010203703703703713
1 0.6692708333333334 0.06527777777777778 0.007291666666666667 0.013888888888888888
1 0.61875 0.12407407407407407 0.014583333333333334 0.012962962962962963
1 0.715625 0.15833333333333333 0.013541666666666667 0.020370370370370372
0 0.5833333333333334 0.08888888888888889 0.023958333333333335 0.03888888888888889
0 0.6128229166666667 0.06835185185185184 0.01584375000000004 0.024935185185185192
1 0.6400989583333333 0.07735185185185185 0.008572916666666685 0.012472222222222221
1 0.64659375 0.06512037037037037 0.006494791666666563 0.009240740740740732
1 0.63503125 0.06696296296296296 0.0077916666666666854 0.009240740740740732
1 0.6398020833333333 0.057111111111111106 0.007963541666666648 0.009546296296296292
1 0.6633541666666666 0.05801851851851852 0.00657291666666661 0.008564814814814815
1 0.6531666666666667 0.055296296296296295 0.006791666666666648 0.007009259259259253
1 0.7038229166666667 0.07441666666666667 0.007124999999999914 0.010407407407407416
1 0.693578125 0.055685185185185185 0.0074479166666667615 0.007787037037037034
1 0.7086979166666667 0.1464074074074074 0.010744791666666724 0.017750000000000016
1 0.7040833333333334 0.13517592592592592 0.011125000000000067 0.014157407407407426
1 0.7035781249999999 0.12662962962962962 0.009609374999999904 0.01146296296296296
1 0.7219374999999999 0.13166666666666665 0.008692708333333361 0.01734259259259261
1 0.7120052083333334 0.11400925925925925 0.0069166666666667705 0.01292592592592592
1 0.700296875 0.12220370370370369 0.00763020833333338 0.014194444444444444
1 0.6986145833333334 0.11605555555555556 0.008515624999999952 0.008833333333333339
1 0.6957760416666666 0.10880555555555556 0.007453124999999972 0.010722222222222234
3 0.7495260416666666 0.13387962962962963 0.014901041666666733 0.02743518518518518
3 0.7300104166666667 0.12946296296296295 0.010286458333333333 0.020499999999999987
1 0.7223593749999999 0.11262037037037037 0.007234374999999934 0.01317592592592593
1 0.7182135416666667 0.10273148148148148 0.007057291666666761 0.010981481481481467
1 0.7085989583333333 0.10211111111111111 0.006880208333333352 0.009722222222222222
1 0.6950989583333335 0.10085185185185186 0.008468750000000113 0.009722222222222222
1 0.715390625 0.09222222222222222 0.0067031249999999435 0.01003703703703704
1 0.6923645833333334 0.09160185185185186 0.007942708333333333 0.013175925925925916
2 0.7188072916666667 0.14479629629629628 0.005895833333333419 0.0114074074074074
2 0.7132552083333333 0.132 0.004859374999999962 0.012953703703703712
2 0.6690208333333333 0.14448148148148146 0.006244791666666553 0.01881481481481481
3 0.705015625 0.0866574074074074 0.0071145833333332575 0.017268518518518523
1 0.698078125 0.07756481481481481 0.00572395833333322 0.009564814814814826
1 0.6938229166666666 0.08125925925925927 0.006244791666666553 0.010175925925925934
1 0.7155104166666667 0.0821851851851852 0.006937500000000085 0.009564814814814826
1 0.721078125 0.07287037037037038 0.0098385416666666 0.01165740740740741
1 0.715 0.06778703703703703 0.005171874999999914 0.01034259259259258
1 0.7088854166666666 0.07099074074074074 0.005380208333333295 0.008092592592592601
1 0.724265625 0.09587962962962962 0.0063437499999999146 0.008824074074074074
2 0.7227499999999999 0.08460185185185186 0.0033125000000000663 0.008333333333333333
2 0.7092916666666668 0.056657407407407406 0.005942708333333257 0.008379629629629634