1 0.5111979166666667 0.1712962962962963 0.028645833333333332 0.037037037037037035
2 0.37942708333333336 0.3902777777777778 0.030729166666666665 0.0787037037037037
1 0.8505208333333333 0.4351851851851852 0.05 0.07777777777777778
1 0.73203125 0.18935185185185185 0.018229166666666668 0.026851851851851852
1 0.7690104166666667 0.2671296296296296 0.03177083333333333 0.05092592592592592
2 0.9703125 0.5259259259259259 0.020833333333333332 0.04259259259259259
1 0.7291666666666666 0.1550925925925926 0.0125 0.023148148148148147
1 0.7450520833333333 0.15601851851851853 0.015104166666666667 0.019444444444444445
1 0.6979166666666666 0.05462962962962963 0.010416666666666666 0.016666666666666666
1 0.6729166666666667 0.055092592592592596 0.011458333333333333 0.019444444444444445
2 0.35078125 0.5712962962962963 0.04635416666666667 0.10925925925925926
1 0.7088541666666667 0.0763888888888889 0.007291666666666667 0.013888888888888888
1 0.6203125 0.06574074074074074 0.007291666666666667 0.014814814814814815
1 0.7166666666666667 0.08703703703703704 0.007291666666666667 0.011111111111111112
1 0.72265625 0.05462962962962963 0.0171875 0.016666666666666666
0 0.8369791666666667 0.3125 0.08125 0.14166666666666666