3 0.22890625 0.15648148148148147 0.021354166666666667 0.03518518518518519
3 0.35442708333333334 0.15555555555555556 0.0203125 0.037037037037037035
1 0.029427083333333333 0.8171296296296297 0.058854166666666666 0.18981481481481483
1 0.13671875 0.46111111111111114 0.06197916666666667 0.12037037037037036
1 0.19973958333333333 0.33611111111111114 0.03802083333333333 0.053703703703703705
1 0.18046875 0.30416666666666664 0.0328125 0.05092592592592592
1 0.19479166666666667 0.20046296296296295 0.01875 0.026851851851851852
1 0.0984375 0.3074074074074074 0.020833333333333332 0.03148148148148148
1 0.215625 0.23657407407407408 0.025 0.04351851851851852
1 0.24192708333333332 0.24537037037037038 0.021354166666666667 0.03518518518518519
1 0.396875 0.10462962962962963 0.011458333333333333 0.016666666666666666
1 0.34401041666666665 0.08611111111111111 0.008854166666666666 0.016666666666666666
2 0.24226562499999998 0.22049999999999997 0.012380208333333333 0.02421296296296296
1 0.24375 0.19398148148148148 0.019791666666666666 0.030555555555555555
1 0.2765625 0.17916666666666667 0.016666666666666666 0.025
1 0.3692708333333333 0.08888888888888889 0.010416666666666666 0.018518518518518517
1 0.1515625 0.24537037037037038 0.020833333333333332 0.02962962962962963
1 0.2643229166666667 0.2013888888888889 0.0203125 0.030555555555555555
1 0.2552083333333333 0.17453703703703705 0.015625 0.023148148148148147
1 0.3186875 0.057435185185185186 0.007885416666666667 0.011296296296296296
1 0.32083333333333336 0.052314814814814814 0.009375 0.013888888888888888
1 0.33151041666666664 0.1259259259259259 0.0109375 0.018518518518518517
1 0.3302083333333333 0.0962962962962963 0.009375 0.011111111111111112
1 0.37552083333333336 0.07268518518518519 0.009375 0.021296296296296296
1 0.39557291666666666 0.08055555555555556 0.009895833333333333 0.012962962962962963
1 0.35078125 0.12916666666666668 0.0140625 0.019444444444444445
2 0.2540260416666667 0.1588611111111111 0.00784375 0.01687962962962963
1 0.26848958333333334 0.1476851851851852 0.011979166666666667 0.019444444444444445
2 0.32872395833333334 0.07250925925925926 0.0057395833333333335 0.010203703703703703
1 0.3307291666666667 0.06527777777777778 0.007291666666666667 0.013888888888888888
1 0.38125 0.12407407407407407 0.014583333333333334 0.012962962962962963
1 0.284375 0.15833333333333333 0.013541666666666667 0.020370370370370372
0 0.4166666666666667 0.08888888888888889 0.023958333333333335 0.03888888888888889
0 0.38717708333333334 0.06835185185185184 0.01584375 0.024935185185185185
1 0.35990104166666664 0.07735185185185185 0.008572916666666668 0.012472222222222223
1 0.35340625 0.06512037037037037 0.006494791666666667 0.00924074074074074
1 0.36496875 0.06696296296296296 0.007791666666666667 0.00924074074074074
1 0.3601979166666667 0.05711111111111111 0.007963541666666666 0.009546296296296298
1 0.33664583333333337 0.05801851851851852 0.006572916666666666 0.008564814814814815
1 0.3468333333333333 0.055296296296296295 0.006791666666666666 0.007009259259259259
1 0.2961770833333333 0.07441666666666667 0.007125 0.010407407407407407
1 0.306421875 0.055685185185185185 0.007447916666666667 0.007787037037037037
1 0.2913020833333333 0.1464074074074074 0.010744791666666666 0.017750000000000002
1 0.29591666666666666 0.13517592592592592 0.011125 0.014157407407407407
1 0.296421875 0.12662962962962962 0.009609375 0.011462962962962963
1 0.2780625 0.13166666666666665 0.008692708333333334 0.017342592592592593
1 0.2879947916666667 0.11400925925925925 0.0069166666666666664 0.012925925925925928
1 0.29970312499999996 0.12220370370370369 0.0076302083333333335 0.014194444444444445
1 0.30138541666666663 0.11605555555555556 0.008515625 0.008833333333333332
1 0.3042239583333333 0.10880555555555556 0.0074531250000000005 0.010722222222222222
3 0.25047395833333336 0.13387962962962963 0.014901041666666667 0.027435185185185184
3 0.26998958333333334 0.12946296296296295 0.010286458333333333 0.0205
1 0.27764062500000003 0.11262037037037037 0.007234375 0.013175925925925926
1 0.2817864583333333 0.10273148148148148 0.0070572916666666674 0.010981481481481481
1 0.2914010416666667 0.10211111111111111 0.006880208333333334 0.009722222222222222
1 0.30490104166666665 0.10085185185185186 0.00846875 0.009722222222222222
1 0.284609375 0.09222222222222222 0.006703125 0.010037037037037037
1 0.30763541666666666 0.09160185185185186 0.007942708333333333 0.013175925925925926
2 0.2811927083333333 0.14479629629629628 0.005895833333333334 0.011407407407407408
2 0.28674479166666667 0.132 0.004859375 0.012953703703703703
2 0.33097916666666666 0.14448148148148146 0.006244791666666667 0.018814814814814815
3 0.294984375 0.0866574074074074 0.007114583333333333 0.017268518518518516
1 0.301921875 0.07756481481481481 0.0057239583333333335 0.009564814814814814
1 0.3061770833333333 0.08125925925925927 0.006244791666666667 0.010175925925925927
1 0.28448958333333335 0.0821851851851852 0.0069375 0.009564814814814814
1 0.278921875 0.07287037037037038 0.009838541666666667 0.011657407407407408
1 0.28500000000000003 0.06778703703703703 0.005171875 0.010342592592592592
1 0.29111458333333334 0.07099074074074074 0.005380208333333333 0.008092592592592592
1 0.275734375 0.09587962962962962 0.0063437499999999996 0.008824074074074073
2 0.27725000000000005 0.08460185185185186 0.0033125000000000003 0.008333333333333333
2 0.2907083333333333 0.056657407407407406 0.005942708333333334 0.008379629629629631