1 0.038802083333333334 0.5763888888888888 0.06822916666666666 0.11574074074074074
1 0.12708333333333333 0.4828703703703704 0.06145833333333333 0.09722222222222222
1 0.22942708333333334 0.21898148148148147 0.0203125 0.030555555555555555
1 0.27057291666666666 0.1675925925925926 0.016145833333333335 0.027777777777777776
1 0.25859375 0.21157407407407408 0.019270833333333334 0.026851851851851852
1 0.26640625 0.11435185185185186 0.016145833333333335 0.017592592592592594
1 0.42083333333333334 0.09861111111111111 0.017708333333333333 0.026851851851851852
1 0.2682291666666667 0.13472222222222222 0.011458333333333333 0.01574074074074074
1 0.40598958333333335 0.08981481481481482 0.011979166666666667 0.018518518518518517
1 0.38697916666666665 0.09490740740740741 0.013541666666666667 0.021296296296296296
1 0.3731770833333333 0.09444444444444444 0.0109375 0.020370370370370372
1 0.2515625 0.13796296296296295 0.008333333333333333 0.014814814814814815