2 0.44869791666666664 0.17546296296296296 0.0109375 0.032407407407407406
1 0.5190104166666667 0.34675925925925927 0.05572916666666667 0.08981481481481482
1 0.73125 0.7777777777777778 0.14479166666666668 0.26851851851851855
1 0.6223958333333334 0.2986111111111111 0.065625 0.08796296296296297
1 0.48385416666666664 0.16712962962962963 0.028125 0.03425925925925926
1 0.1765625 0.30416666666666664 0.03229166666666667 0.04722222222222222
1 0.2171875 0.28379629629629627 0.03125 0.04351851851851852
1 0.44921875 0.1310185185185185 0.021354166666666667 0.028703703703703703
2 0.5270833333333333 0.19074074074074074 0.013541666666666667 0.03333333333333333
1 0.9208333333333333 0.862037037037037 0.15625 0.26666666666666666
1 0.42239583333333336 0.10555555555555556 0.017708333333333333 0.024074074074074074
1 0.3515625 0.11388888888888889 0.015625 0.022222222222222223
1 0.2638020833333333 0.14351851851851852 0.011979166666666667 0.020370370370370372
1 0.25078125 0.19074074074074074 0.018229166666666668 0.025925925925925925
2 0.3333333333333333 0.11203703703703703 0.011458333333333333 0.025925925925925925
1 0.275 0.12361111111111112 0.013541666666666667 0.01574074074074074
1 0.29322916666666665 0.09351851851851851 0.011458333333333333 0.014814814814814815
1 0.3341145833333333 0.05740740740740741 0.011979166666666667 0.016666666666666666
1 0.2669270833333333 0.07175925925925926 0.016145833333333335 0.01574074074074074
1 0.29192708333333334 0.07453703703703704 0.008854166666666666 0.013888888888888888
1 0.31536458333333334 0.06481481481481481 0.009895833333333333 0.016666666666666666
1 0.2559895833333333 0.09722222222222222 0.0067708333333333336 0.014814814814814815
2 0.8472239583333334 0.5563240740740741 0.03472395833333333 0.10956481481481481
1 0.3597447916666667 0.08299074074074074 0.008489583333333333 0.015092592592592593
1 0.367734375 0.08876851851851852 0.013479166666666665 0.012425925925925925
1 0.3512552083333333 0.07367592592592592 0.011484375 0.015981481481481482
1 0.37347395833333336 0.07412037037037036 0.014979166666666667 0.013314814814814816
1 0.3612447916666667 0.061250000000000006 0.013479166666666665 0.014203703703703703