3 0.065625 0.40879629629629627 0.06979166666666667 0.125
3 0.12473958333333333 0.2449074074074074 0.06510416666666667 0.08055555555555556
3 0.5182291666666666 0.1736111111111111 0.041666666666666664 0.07685185185185185
1 0.12109375 0.39814814814814814 0.0515625 0.08703703703703704
3 0.1875 0.27870370370370373 0.03229166666666667 0.05925925925925926
1 0.23645833333333333 0.20092592592592592 0.020833333333333332 0.037037037037037035
1 0.43307291666666664 0.14351851851851852 0.0203125 0.027777777777777776
1 0.3854166666666667 0.06620370370370371 0.010416666666666666 0.019444444444444445
1 0.0328125 0.3875 0.036458333333333336 0.05277777777777778
1 0.29713541666666665 0.12268518518518519 0.0109375 0.025
1 0.20052083333333334 0.19166666666666668 0.016666666666666666 0.024074074074074074
1 0.234375 0.15462962962962962 0.0125 0.025925925925925925
1 0.3572916666666667 0.05462962962962963 0.00625 0.011111111111111112
1 0.27760416666666665 0.1300925925925926 0.010416666666666666 0.017592592592592594
1 0.3177083333333333 0.05555555555555555 0.007291666666666667 0.012962962962962963
1 0.2677083333333333 0.11527777777777778 0.009375 0.019444444444444445
1 0.2674479166666667 0.15185185185185185 0.011979166666666667 0.022222222222222223
1 0.3653645833333333 0.08333333333333333 0.0078125 0.009259259259259259
1 0.24817708333333333 0.13935185185185187 0.009895833333333333 0.017592592592592594
1 0.29739583333333336 0.05462962962962963 0.008333333333333333 0.011111111111111112
1 0.28515625 0.11851851851851852 0.0078125 0.014814814814814815
1 0.30296875 0.09949074074074074 0.007557291666666666 0.011703703703703704
2 0.28809375 0.10100925925925926 0.0031718749999999998 0.007805555555555555
2 0.29211458333333334 0.09472222222222222 0.002927083333333333 0.009972222222222223
1 0.30416666666666664 0.08703703703703704 0.007291666666666667 0.016666666666666666
2 0.27708333333333335 0.15787037037037038 0.00625 0.019444444444444445
3 0.278125 0.09768518518518518 0.010416666666666666 0.023148148148148147
2 0.2871666666666667 0.10788888888888888 0.0036666666666666666 0.009148148148148148
2 0.25797916666666665 0.14558333333333331 0.005145833333333334 0.01690740740740741
1 0.25959375 0.12674074074074074 0.011520833333333334 0.018925925925925926
3 0.27303645833333334 0.07033333333333333 0.014416666666666666 0.01937962962962963
2 0.28948958333333336 0.07890740740740741 0.002557291666666667 0.005537037037037037
2 0.29126562500000003 0.07000925925925926 0.0032239583333333335 0.005537037037037037
1 0.28347916666666667 0.08750925925925926 0.006786458333333333 0.010083333333333333
1 0.28381249999999997 0.08117592592592593 0.006786458333333333 0.00612962962962963
0 0.3101041666666667 0.046740740740740735 0.009869791666666666 0.012888888888888889
0 0.3222864583333333 0.04660185185185185 0.01171875 0.012611111111111111