3 0.6020833333333333 0.3587962962962963 0.06979166666666667 0.20092592592592592
1 0.26536458333333335 0.39351851851851855 0.049479166666666664 0.10555555555555556
2 0.6791666666666667 0.3972222222222222 0.015625 0.044444444444444446
2 0.7375 0.49074074074074076 0.017708333333333333 0.05
2 0.7916666666666666 0.5402777777777777 0.020833333333333332 0.06388888888888888
2 0.6409687500000001 0.32439814814814816 0.013291666666666667 0.045925925925925926
2 0.6058645833333334 0.20069444444444445 0.008734374999999999 0.02837962962962963
2 0.5988906249999999 0.16405555555555557 0.007822916666666667 0.01573148148148148
2 0.593375 0.14433333333333334 0.003973958333333334 0.013685185185185184
2 0.607421875 0.14798148148148146 0.003848958333333333 0.013685185185185184
2 0.6019062500000001 0.13019444444444445 0.003078125 0.008212962962962962
2 0.6027395833333333 0.1250648148148148 0.0016666666666666668 0.005703703703703704
2 0.60684375 0.12392592592592593 0.0026927083333333334 0.007527777777777778
0 0.7426049627656927 0.19084749771839576 0.7409376045881417 0.22801373682006662 0.7599197460564746 0.2512711379757134 0.7818518149151565 0.2546913440280144 0.782364845765652 0.21091270655856162 0.7592784574933552 0.1906194839815757
1 0.7461302083333333 0.24841666666666667 0.02834375 0.03077777777777778