3 0.66171875 0.7527777777777778 0.1703125 0.4888888888888889
2 0.85859375 0.4009259259259259 0.0171875 0.05185185185185185
2 0.5979166666666667 0.2537037037037037 0.008333333333333333 0.037037037037037035
2 0.7697916666666667 0.25787037037037036 0.007291666666666667 0.023148148148148147
2 0.77578125 0.2953703703703704 0.008854166666666666 0.03148148148148148
2 0.5325520833333334 0.399537037037037 0.015104166666666667 0.05462962962962963
1 0.3140625 0.4217592592592593 0.0375 0.05092592592592592
1 0.1921875 0.5300925925925926 0.058333333333333334 0.08425925925925926
1 0.93515625 0.42268518518518516 0.04635416666666667 0.08055555555555556
1 0.34270833333333334 0.30925925925925923 0.021875 0.03148148148148148
1 0.89609375 0.4842592592592593 0.0546875 0.08518518518518518
1 0.6091145833333333 0.2175925925925926 0.016145833333333335 0.02962962962962963
1 0.9708333333333333 0.5143518518518518 0.05520833333333333 0.09166666666666666
1 0.5734375 0.1675925925925926 0.011458333333333333 0.020370370370370372
2 0.6043593749999999 0.19512037037037036 0.009401041666666667 0.015259259259259259
1 0.621875 0.1837962962962963 0.0125 0.017592592592592594
1 0.72265625 0.24351851851851852 0.018229166666666668 0.03333333333333333
1 0.58828125 0.13240740740740742 0.0078125 0.009259259259259259
1 0.81484375 0.2861111111111111 0.0171875 0.03518518518518519
1 0.4140625 0.22268518518518518 0.014583333333333334 0.021296296296296296
1 0.38697916666666665 0.2310185185185185 0.023958333333333335 0.030555555555555555
1 0.72890625 0.20787037037037037 0.018229166666666668 0.023148148148148147
2 0.5920989583333333 0.15114814814814817 0.0053124999999999995 0.013083333333333334
1 0.5981770833333333 0.1388888888888889 0.008854166666666666 0.012962962962962963
1 0.5463541666666667 0.15787037037037038 0.011458333333333333 0.01574074074074074
1 0.6029322916666667 0.12935185185185183 0.006541666666666667 0.01599074074074074
1 0.6127604166666667 0.13333333333333333 0.005729166666666666 0.011111111111111112
2 0.5984322916666667 0.1758611111111111 0.008177083333333333 0.018898148148148147
1 0.6119218750000001 0.12499074074074075 0.008994791666666667 0.010175925925925927