3 0.26953125 0.28379629629629627 0.034895833333333334 0.08055555555555556
2 0.6416666666666667 0.42685185185185187 0.03125 0.07222222222222222
1 0.30078125 0.11990740740740741 0.013020833333333334 0.021296296296296296
1 0.2520833333333333 0.12268518518518519 0.011458333333333333 0.019444444444444445
1 0.2703125 0.08564814814814815 0.010416666666666666 0.017592592592592594
1 0.45859375 0.19675925925925927 0.0296875 0.03796296296296296
1 0.25286458333333334 0.08611111111111111 0.009895833333333333 0.022222222222222223
1 0.26458333333333334 0.06944444444444445 0.008333333333333333 0.018518518518518517
1 0.2604166666666667 0.05092592592592592 0.009375 0.018518518518518517
1 0.2747395833333333 0.05925925925925926 0.0067708333333333336 0.012962962962962963
1 0.2518229166666667 0.04814814814814815 0.0078125 0.012962962962962963
0 0.49583333333333335 0.16944444444444445 0.06770833333333333 0.10185185185185185