3 0.33567708333333335 0.32222222222222224 0.10364583333333334 0.21481481481481482
1 0.5213541666666667 0.23703703703703705 0.046875 0.05
1 0.25 0.09953703703703703 0.0125 0.019444444444444445
1 0.30494791666666665 0.1712962962962963 0.008854166666666666 0.022222222222222223
1 0.2916666666666667 0.12453703703703704 0.016666666666666666 0.023148148148148147
1 0.29609375 0.10462962962962963 0.015104166666666667 0.022222222222222223
1 0.24765625 0.01574074074074074 0.015104166666666667 0.025925925925925925
1 0.346875 0.1087962962962963 0.025 0.03611111111111111
1 0.6875 0.8685185185185185 0.16354166666666667 0.2574074074074074
1 0.45546875 0.19212962962962962 0.030729166666666665 0.05277777777777778
2 0.27509374999999997 0.09004629629629629 0.00671875 0.012805555555555556
1 0.254453125 0.06870370370370371 0.008640625 0.012805555555555556
2 0.27317708333333335 0.06742592592592592 0.005760416666666667 0.010240740740740741
1 0.2851770833333333 0.08492592592592592 0.014401041666666666 0.01450925925925926
1 0.2652552083333333 0.05846296296296297 0.006239583333333334 0.012805555555555556
1 0.8468229166666668 0.5990925925925926 0.09628125000000001 0.15812962962962962