3 0.6643229166666667 0.32222222222222224 0.10364583333333334 0.21481481481481482
1 0.4786458333333333 0.23703703703703705 0.046875 0.05
1 0.75 0.09953703703703703 0.0125 0.019444444444444445
1 0.6950520833333333 0.1712962962962963 0.008854166666666666 0.022222222222222223
1 0.7083333333333334 0.12453703703703704 0.016666666666666666 0.023148148148148147
1 0.70390625 0.10462962962962963 0.015104166666666667 0.022222222222222223
1 0.75234375 0.01574074074074074 0.015104166666666667 0.025925925925925925
1 0.653125 0.1087962962962963 0.025 0.03611111111111111
1 0.3125 0.8685185185185185 0.16354166666666667 0.2574074074074074
1 0.54453125 0.19212962962962962 0.030729166666666665 0.05277777777777778
2 0.7249062500000001 0.09004629629629629 0.006718750000000048 0.012805555555555567
1 0.745546875 0.06870370370370371 0.008640625000000075 0.012805555555555567
2 0.7268229166666667 0.06742592592592592 0.0057604166666666385 0.010240740740740743
1 0.7148229166666666 0.08492592592592592 0.014401041666666715 0.014509259259259248
1 0.7347447916666667 0.05846296296296297 0.006239583333333343 0.012805555555555561
1 0.1531770833333333 0.5990925925925926 0.09628125000000001 0.1581296296296296