3 0.29739583333333336 0.1925925925925926 0.029166666666666667 0.07592592592592592
3 0.2526041666666667 0.14305555555555555 0.025 0.0712962962962963
1 0.5822916666666667 0.6518518518518519 0.11145833333333334 0.16111111111111112
1 0.37057291666666664 0.4300925925925926 0.0578125 0.08796296296296297
1 0.39166666666666666 0.29398148148148145 0.041666666666666664 0.058333333333333334
1 0.6807291666666667 0.47685185185185186 0.078125 0.1
1 0.49713541666666666 0.25787037037037036 0.0421875 0.06018518518518518
1 0.9697916666666667 0.75 0.059375 0.15925925925925927
1 0.2794270833333333 0.11574074074074074 0.0140625 0.024074074074074074
1 0.30572916666666666 0.12916666666666668 0.016666666666666666 0.023148148148148147
1 0.465625 0.175 0.025 0.02962962962962963
1 0.6822916666666666 0.4078703703703704 0.03854166666666667 0.04351851851851852
1 0.4390625 0.1527777777777778 0.019791666666666666 0.024074074074074074
1 0.2669270833333333 0.0824074074074074 0.008854166666666666 0.016666666666666666
1 0.409375 0.1685185185185185 0.01875 0.024074074074074074
1 0.8346354166666666 0.5606481481481481 0.07760416666666667 0.08796296296296297
1 0.9291666666666667 0.6486111111111111 0.06875 0.07685185185185185
1 0.4200520833333333 0.15138888888888888 0.0109375 0.021296296296296296
1 0.55390625 0.26990740740740743 0.03802083333333333 0.049074074074074076
1 0.27786458333333336 0.06805555555555555 0.009895833333333333 0.017592592592592594
1 0.94609375 0.65 0.033854166666666664 0.07222222222222222
0 0.59453125 0.2601851851851852 0.09322916666666667 0.12962962962962962
1 0.2833333333333333 0.08518518518518518 0.008333333333333333 0.016666666666666666
1 0.7239583333333334 0.40879629629629627 0.026041666666666668 0.03425925925925926
1 0.43802083333333336 0.2013888888888889 0.021875 0.019444444444444445