3 0.26588541666666665 0.3037037037037037 0.05364583333333333 0.14444444444444443
1 0.5703125 0.25416666666666665 0.04479166666666667 0.06388888888888888
1 0.6473958333333333 0.7472222222222222 0.12916666666666668 0.19074074074074074
1 0.7143229166666667 0.5064814814814815 0.08072916666666667 0.1111111111111111
1 0.3567708333333333 0.37222222222222223 0.051041666666666666 0.08333333333333333
1 0.6169270833333333 0.9703703703703703 0.12135416666666667 0.05555555555555555
1 0.459375 0.3962962962962963 0.0625 0.07777777777777778
1 0.38697916666666665 0.27685185185185185 0.03854166666666667 0.05555555555555555
1 0.35963541666666665 0.21944444444444444 0.028645833333333332 0.03888888888888889
1 0.31927083333333334 0.26944444444444443 0.03333333333333333 0.04814814814814815
1 0.30625 0.21851851851851853 0.030208333333333334 0.05185185185185185
1 0.28958333333333336 0.15185185185185185 0.017708333333333333 0.02962962962962963
3 0.25729166666666664 0.12685185185185185 0.017708333333333333 0.04259259259259259
1 0.32734375 0.1625 0.019270833333333334 0.025
1 0.3151041666666667 0.14166666666666666 0.015625 0.024074074074074074
1 0.27890625 0.11851851851851852 0.013020833333333334 0.020370370370370372
1 0.6119791666666666 0.3277777777777778 0.04791666666666667 0.06666666666666667
1 0.30078125 0.11203703703703703 0.013020833333333334 0.018518518518518517
1 0.27291666666666664 0.10092592592592593 0.013541666666666667 0.02962962962962963
1 0.83515625 0.5569444444444445 0.07552083333333333 0.0787037037037037
0 0.315453125 0.5455277777777777 0.12534895833333332 0.41944444444444445
1 0.292296875 0.09405555555555556 0.013276041666666665 0.017879629629629627
1 0.2542760416666667 0.09012037037037036 0.013677083333333334 0.020027777777777776
3 0.27016666666666667 0.07725000000000001 0.012473958333333333 0.024314814814814817
0 0.2558854166666667 0.06615740740740741 0.010458333333333332 0.02360185185185185
1 0.2836458333333333 0.0743888888888889 0.00965625 0.014305555555555556