1 0.39296875 0.8513888888888889 0.03697916666666667 0.07685185185185185
1 0.4348958333333333 0.7736111111111111 0.028125 0.05092592592592592
1 0.88828125 0.874537037037037 0.05364583333333333 0.07314814814814814
1 0.4083333333333333 0.663425925925926 0.022916666666666665 0.03981481481481482
1 0.4119791666666667 0.5898148148148148 0.0125 0.022222222222222223
1 0.5354166666666667 0.6314814814814815 0.01875 0.024074074074074074
2 0.37959375 0.6000555555555555 0.009026041666666667 0.024074074074074074
1 0.38697916666666665 0.5875 0.013541666666666667 0.021296296296296296
1 0.46432291666666664 0.5449074074074074 0.009895833333333333 0.012037037037037037
1 0.44036458333333334 0.5361111111111111 0.009895833333333333 0.016666666666666666
1 0.3614583333333333 0.562962962962963 0.009375 0.016666666666666666
1 0.5143229166666666 0.6 0.0140625 0.018518518518518517
1 0.5005208333333333 0.575 0.013541666666666667 0.018518518518518517
1 0.483203125 0.5854259259259259 0.014317708333333333 0.015981481481481482
1 0.48385416666666664 0.5657407407407408 0.0125 0.016666666666666666
1 0.3644114583333333 0.5420555555555555 0.0123125 0.01750925925925926
1 0.37159375 0.5537314814814814 0.011078125 0.010212962962962962
1 0.37282291666666667 0.5300185185185184 0.0094375 0.013861111111111112
1 0.36133333333333334 0.5165185185185186 0.008619791666666666 0.014592592592592593
1 0.37138541666666663 0.5154259259259258 0.008208333333333333 0.010944444444444444
1 0.36769270833333334 0.49828703703703703 0.006567708333333333 0.01312962962962963
1 0.4163229166666667 0.5150648148148148 0.007796875 0.01897222222222222
1 0.42411979166666663 0.5252777777777777 0.010260416666666666 0.010212962962962962
2 0.44997395833333337 0.6427314814814815 0.014364583333333332 0.029185185185185186
2 0.4267864583333333 0.6255925925925926 0.009026041666666667 0.02115740740740741
1 0.423796875 0.5062222222222222 0.008953125000000001 0.013648148148148149
1 0.399109375 0.4871203703703704 0.009208333333333334 0.009092592592592593
1 0.4159947916666667 0.4991666666666667 0.010234374999999999 0.014101851851851852