3 0.5361979166666667 0.8439814814814814 0.06927083333333334 0.1287037037037037
3 0.46380208333333334 0.825462962962963 0.06302083333333333 0.13425925925925927
3 0.5309895833333333 0.5986111111111111 0.025520833333333333 0.04537037037037037
3 0.6102500000000001 0.6590462962962963 0.046171875 0.05227777777777778
3 0.41302083333333334 0.9555555555555556 0.0625 0.08703703703703704
3 0.5572916666666666 0.6300925925925925 0.027083333333333334 0.04722222222222222
2 0.7979166666666667 0.8537037037037037 0.019791666666666666 0.046296296296296294
2 0.76875 0.8902777777777777 0.020833333333333332 0.041666666666666664
2 0.6934895833333333 0.8023148148148148 0.015104166666666667 0.03796296296296296
2 0.5171875 0.7578703703703704 0.010416666666666666 0.030555555555555555
1 0.76640625 0.7875 0.044270833333333336 0.05462962962962963
1 0.6520833333333333 0.7217592592592592 0.029166666666666667 0.03981481481481482
3 0.42213541666666665 0.621 0.0171875 0.02962962962962963
1 0.36744791666666665 0.5949074074074074 0.013020833333333334 0.021296296296296296
1 0.42864583333333334 0.5898148148148148 0.0125 0.016666666666666666
1 0.46770833333333334 0.7041666666666667 0.028125 0.03796296296296296
1 0.3619791666666667 0.5666666666666667 0.009375 0.018518518518518517
1 0.3770833333333333 0.5513888888888889 0.009375 0.012037037037037037
3 0.486859375 0.5658425925925926 0.020354166666666666 0.03473148148148148
1 0.46875 0.5680555555555555 0.0125 0.021296296296296296
1 0.419546875 0.5158888888888888 0.005729166666666666 0.01037037037037037
1 0.37265625 0.5305555555555556 0.0078125 0.014814814814814815
2 0.37866666666666665 0.5190925925925925 0.0026510416666666666 0.007712962962962963
2 0.383515625 0.5162037037037037 0.002453125 0.007120370370370371
1 0.3893229166666667 0.5157407407407407 0.0067708333333333336 0.011111111111111112
1 0.44895833333333335 0.549074074074074 0.008333333333333333 0.012962962962962963
1 0.45078125 0.5337962962962963 0.009895833333333333 0.012037037037037037
2 0.42966145833333336 0.5289444444444444 0.003859375 0.013712962962962963
1 0.43723958333333335 0.5300925925925926 0.005729166666666666 0.010185185185185186
3 0.3593072916666667 0.5286481481481482 0.011572916666666665 0.031111111111111114
2 0.508265625 0.61425 0.005302083333333333 0.020574074074074074
2 0.39867708333333335 0.5409444444444444 0.0031354166666666666 0.008574074074074074
2 0.3825260416666667 0.5724537037037037 0.004583333333333333 0.015
2 0.3873489583333333 0.5904537037037038 0.0060260416666666665 0.013287037037037036
1 0.367453125 0.5014814814814815 0.005828125 0.006472222222222222
2 0.38060937499999997 0.503462962962963 0.0020677083333333333 0.006435185185185185
2 0.3754427083333333 0.5008148148148148 0.0030989583333333333 0.005740740740740741
1 0.37079166666666663 0.5154074074074074 0.007494791666666667 0.010564814814814815
3 0.359421875 0.5019629629629629 0.008270833333333333 0.02274074074074074
1 0.40538541666666666 0.5079537037037037 0.004046875 0.006787037037037037
1 0.4612239583333333 0.5445092592592593 0.00471875 0.012787037037037038
3 0.47010416666666666 0.5497037037037037 0.013932291666666667 0.029564814814814815
3 0.43223958333333334 0.5129444444444444 0.006067708333333334 0.011185185185185185
1 0.4190833333333333 0.5069259259259259 0.005734375 0.009925925925925927
1 0.4261770833333333 0.5081388888888888 0.004526041666666666 0.008046296296296296
1 0.3996875 0.49982407407407403 0.006489583333333334 0.008583333333333333
1 0.4079166666666667 0.4941851851851852 0.005734375 0.008583333333333333
1 0.3938802083333333 0.4815740740740741 0.005734375 0.006435185185185185
1 0.411609375 0.49137037037037035 0.0046770833333333334 0.004564814814814815
1 0.36614583333333334 0.49429629629629634 0.005208333333333333 0.00475
2 0.37244791666666666 0.49015740740740743 0.0024166666666666664 0.00537037037037037
3 0.35785937500000004 0.4809814814814815 0.006557291666666667 0.012953703703703703
3 0.3643854166666667 0.4844074074074074 0.004505208333333333 0.00650925925925926
1 0.3706510416666667 0.4801574074074075 0.0035208333333333333 0.00550925925925926
2 0.5560572916666667 0.7838055555555555 0.017229166666666667 0.02949074074074074