3 0.41432291666666665 0.9157407407407407 0.0671875 0.1648148148148148
2 0.43802083333333336 0.7361111111111112 0.0125 0.040740740740740744
1 0.40260416666666665 0.638425925925926 0.017708333333333333 0.028703703703703703
1 0.38958333333333334 0.5884259259259259 0.011458333333333333 0.017592592592592594
1 0.3625 0.5305555555555556 0.007291666666666667 0.012962962962962963
1 0.475 0.5694444444444444 0.011458333333333333 0.025925925925925925
1 0.46953125 0.5504629629629629 0.009895833333333333 0.012037037037037037
2 0.3888020833333333 0.6626574074074074 0.0067708333333333336 0.02962962962962963
1 0.4044270833333333 0.4949074074074074 0.0078125 0.012037037037037037
1 0.80546875 0.8074074074074075 0.05260416666666667 0.06666666666666667
2 0.4192708333333333 0.5893518518518519 0.004166666666666667 0.012037037037037037