3 0.8622395833333333 0.9291666666666667 0.0734375 0.08796296296296297
3 0.4114583333333333 0.5800925925925926 0.026041666666666668 0.05648148148148148
2 0.490625 0.7166666666666667 0.010416666666666666 0.03148148148148148
2 0.6369791666666667 0.750462962962963 0.014583333333333334 0.03981481481481482
1 0.8361979166666667 0.8407407407407408 0.04635416666666667 0.05185185185185185
1 0.6322916666666667 0.6782407407407407 0.027083333333333334 0.03796296296296296
1 0.64453125 0.7351851851851852 0.0359375 0.05185185185185185
1 0.76953125 0.9023148148148148 0.0609375 0.07685185185185185
1 0.575 0.7032407407407407 0.03333333333333333 0.04722222222222222
1 0.7466145833333333 0.8217592592592593 0.05364583333333333 0.07314814814814814
1 0.74765625 0.7777777777777778 0.0390625 0.04259259259259259
1 0.5359375 0.7800925925925926 0.0375 0.049074074074074076
1 0.3606770833333333 0.5722222222222222 0.0109375 0.024074074074074074
1 0.4908854166666667 0.6106481481481482 0.015104166666666667 0.023148148148148147
1 0.7276041666666667 0.7842592592592592 0.035416666666666666 0.037037037037037035
1 0.42578125 0.649074074074074 0.0203125 0.025925925925925925
1 0.51796875 0.5898148148148148 0.013020833333333334 0.016666666666666666
1 0.5294270833333333 0.6138888888888889 0.015104166666666667 0.022222222222222223
2 0.3811041666666667 0.5976944444444444 0.007828125 0.01800925925925926
1 0.3841145833333333 0.5824074074074074 0.011979166666666667 0.014814814814814815
3 0.36105208333333333 0.5211203703703703 0.008197916666666668 0.01700925925925926
1 0.3734375 0.5208333333333334 0.008333333333333333 0.01574074074074074
1 0.5471354166666667 0.6467592592592593 0.019270833333333334 0.028703703703703703
1 0.3809895833333333 0.5597222222222222 0.009895833333333333 0.01574074074074074
1 0.5260416666666666 0.775 0.017708333333333333 0.037037037037037035
1 0.5200520833333333 0.6282407407407408 0.0078125 0.01574074074074074
1 0.3765625 0.5425925925925926 0.010416666666666666 0.016666666666666666
1 0.46796875 0.5856481481481481 0.0109375 0.013888888888888888
1 0.5026041666666666 0.5791666666666667 0.0125 0.01574074074074074
1 0.5010416666666667 0.5976851851851852 0.014583333333333334 0.025
1 0.5268229166666667 0.6513888888888889 0.015104166666666667 0.021296296296296296
2 0.455484375 0.6308518518518519 0.007369791666666667 0.02210185185185185
2 0.391796875 0.5349722222222222 0.004645833333333333 0.014574074074074074
1 0.39931249999999996 0.5296296296296297 0.007104166666666667 0.009722222222222222
1 0.39248437500000005 0.5201481481481481 0.006557291666666667 0.00825925925925926
1 0.39002083333333337 0.5101944444444444 0.007104166666666667 0.009722222222222222
2 0.3803645833333333 0.506074074074074 0.0022447916666666666 0.005981481481481482
1 0.3871510416666667 0.5016851851851852 0.006286458333333333 0.009231481481481483
1 0.36138020833333334 0.5075648148148147 0.006364583333333334 0.006722222222222222
1 0.3603854166666667 0.5008425925925926 0.005171875 0.0045925925925925926
3 0.36815625 0.4958518518518518 0.0060104166666666665 0.011175925925925926
1 0.36008854166666665 0.4948333333333333 0.002984375 0.003888888888888889
3 0.36009375 0.4849259259259259 0.0057395833333333335 0.010685185185185185
2 0.37709375 0.5010925925925925 0.002432291666666667 0.004648148148148148
2 0.37597395833333336 0.4927777777777778 0.002057291666666667 0.006648148148148148
2 0.3789635416666667 0.49776851851851855 0.002432291666666667 0.004648148148148148
2 0.3787760416666667 0.492287037037037 0.0016822916666666666 0.004981481481481482
1 0.476625 0.5765185185185185 0.010838541666666666 0.017944444444444443
1 0.45821354166666667 0.5454444444444445 0.008036458333333333 0.012962962962962963
1 0.45391666666666663 0.5707037037037037 0.01065625 0.012296296296296296
1 0.46316666666666667 0.5633888888888889 0.00971875 0.014287037037037037
3 0.47363541666666664 0.5532592592592592 0.0190625 0.02924074074074074
1 0.42998958333333337 0.5393055555555556 0.008786458333333334 0.009305555555555556
1 0.44550520833333335 0.5570833333333333 0.00953125 0.010296296296296295
1 0.4498020833333333 0.5487685185185185 0.00953125 0.01162962962962963
1 0.441015625 0.5378055555555556 0.010281249999999999 0.014287037037037037
3 0.4587760416666667 0.5341481481481481 0.01065625 0.017611111111111112
3 0.44755729166666663 0.5223518518518518 0.010281249999999999 0.017944444444444443
0 0.4389635416666666 0.5145462962962963 0.00915625 0.016277777777777776
1 0.41083333333333333 0.5127222222222222 0.006729166666666666 0.005981481481481482
1 0.421203125 0.5148796296296296 0.00953125 0.01162962962962963
1 0.4252239583333333 0.5328425925925926 0.007953125 0.009194444444444444
1 0.4284947916666667 0.5216944444444443 0.008036458333333333 0.009305555555555556
1 0.41868229166666665 0.5243518518518518 0.007473958333333333 0.006648148148148148
1 0.40690624999999997 0.5059074074074074 0.005609375 0.008305555555555556
1 0.40206250000000004 0.4991851851851852 0.004218749999999999 0.006194444444444445
1 0.40625 0.49560185185185185 0.0035520833333333333 0.004981481481481482
1 0.41401041666666666 0.5057407407407408 0.005609375 0.006648148148148148
1 0.42447395833333335 0.5078981481481482 0.004859375 0.008305555555555556
3 0.431953125 0.5093981481481481 0.0059791666666666665 0.011296296296296296
1 0.4137135416666667 0.4964166666666667 0.003671875 0.005222222222222222
1 0.418484375 0.4972314814814815 0.005135416666666667 0.01011111111111111
1 0.42344791666666665 0.5002592592592592 0.0069166666666666664 0.00963888888888889
2 0.48540625 0.593462962962963 0.005234375 0.013953703703703704
3 0.5719479166666667 0.6384907407407407 0.03738020833333333 0.05416666666666667
1 0.5544739583333332 0.6222037037037037 0.011776041666666666 0.020935185185185185
2 0.5395208333333333 0.6529444444444444 0.008036458333333333 0.019935185185185188
2 0.5673697916666666 0.6728796296296297 0.013270833333333334 0.021935185185185186
1 0.37003125000000003 0.47096296296296297 0.0021875 0.003537037037037037