3 0.37135416666666665 0.6652777777777777 0.01875 0.04537037037037037
3 0.41380208333333335 0.6694444444444444 0.0390625 0.09259259259259259
3 0.7278645833333334 0.7615740740740741 0.0578125 0.09166666666666666
3 0.3953125 0.6166666666666667 0.017708333333333333 0.037037037037037035
2 0.6796875 0.7699074074074074 0.0125 0.026851851851851852
1 0.65625 0.7814814814814814 0.04375 0.05925925925925926
1 0.9703125 0.9611111111111111 0.058333333333333334 0.07592592592592592
1 0.4375 0.8282407407407407 0.04375 0.0787037037037037
1 0.51015625 0.6111111111111112 0.015104166666666667 0.020370370370370372
1 0.4830729166666667 0.600462962962963 0.015104166666666667 0.021296296296296296
1 0.44114583333333335 0.6092592592592593 0.016666666666666666 0.024074074074074074
1 0.45989583333333334 0.5601851851851852 0.009375 0.012962962962962963
1 0.3619791666666667 0.5615740740740741 0.010416666666666666 0.019444444444444445
1 0.44947916666666665 0.6541666666666667 0.009375 0.021296296296296296
1 0.38046875 0.562962962962963 0.008854166666666666 0.014814814814814815
1 0.42682291666666666 0.6259259259259259 0.016145833333333335 0.022222222222222223
1 0.4421875 0.5550925925925926 0.009375 0.013888888888888888
1 0.43333333333333335 0.5398148148148149 0.008333333333333333 0.016666666666666666
1 0.41824479166666667 0.5239259259259259 0.008046875 0.011916666666666666
1 0.4239583333333333 0.5175925925925926 0.007291666666666667 0.014814814814814815
2 0.39201041666666664 0.5243703703703704 0.004526041666666666 0.012222222222222221
2 0.389578125 0.5140833333333333 0.005364583333333334 0.01073148148148148
1 0.38103125000000004 0.5149814814814815 0.006703125 0.010129629629629629
2 0.3863125 0.5067870370370371 0.0035208333333333333 0.006851851851851852
1 0.3763333333333333 0.5400185185185186 0.0070416666666666666 0.015499999999999998
3 0.3589010416666667 0.5441851851851852 0.010729166666666668 0.023842592592592592
3 0.35982291666666666 0.5067870370370371 0.006203125 0.022944444444444444
1 0.36577604166666666 0.5230277777777778 0.0070416666666666666 0.008342592592592592
1 0.3710572916666666 0.5173611111111112 0.005869791666666666 0.01073148148148148
1 0.3752447916666667 0.5312222222222223 0.007541666666666667 0.00924074074074074
1 0.36854166666666666 0.5030555555555555 0.004859375 0.008944444444444444
1 0.3671979166666667 0.49426851851851844 0.005197916666666667 0.006851851851851852
1 0.3725625 0.48696296296296293 0.006203125 0.006555555555555556
1 0.4140520833333333 0.5142314814814815 0.005697916666666666 0.011027777777777779
1 0.4179114583333333 0.5041018518518519 0.006369791666666667 0.013407407407407408
3 0.42151562499999995 0.49710185185185185 0.00921875 0.01848148148148148
1 0.40684375 0.49769444444444444 0.0046927083333333335 0.007749999999999999
2 0.4831875 0.584537037037037 0.008374999999999999 0.018277777777777775
2 0.4683333333333334 0.5567777777777778 0.007614583333333333 0.016925925925925928
2 0.4463020833333333 0.5358240740740742 0.0053750000000000004 0.013620370370370371
1 0.43239062500000003 0.5294907407407408 0.008411458333333333 0.010398148148148148