1 0.4856770833333333 0.9148148148148149 0.06197916666666667 0.1037037037037037
1 0.7302083333333333 0.8180555555555555 0.046875 0.05277777777777778
0 0.8354166666666667 0.8398148148148148 0.13333333333333333 0.1574074074074074
1 0.6903645833333333 0.7564814814814815 0.04114583333333333 0.044444444444444446
1 0.5373020833333333 0.6400277777777778 0.017317708333333334 0.021796296296296296
1 0.37526041666666665 0.4337962962962963 0.013020833333333334 0.019444444444444445
1 0.4899114583333333 0.5780185185185185 0.011786458333333333 0.016509259259259258
1 0.4674479166666667 0.5800925925925926 0.013020833333333334 0.017592592592592594
1 0.3703125 0.5075092592592593 0.007291666666666667 0.00901851851851852
3 0.3912083333333333 0.5868240740740741 0.014583333333333334 0.030055555555555558
0 0.6065208333333333 0.6653611111111112 0.05783854166666667 0.11035185185185185
2 0.5976041666666667 0.6941018518518518 0.01278125 0.02462037037037037
1 0.5039791666666666 0.6045185185185186 0.01665625 0.018185185185185186
1 0.4868802083333333 0.5933425925925926 0.013442708333333333 0.01662962962962963
1 0.5165624999999999 0.5994722222222222 0.012463541666666666 0.015574074074074074
3 0.5238541666666666 0.5868518518518518 0.018994791666666667 0.03585185185185185
1 0.45239583333333333 0.5543796296296296 0.009354166666666667 0.013509259259259259
1 0.45926562499999996 0.5504814814814815 0.007307291666666666 0.010907407407407407
1 0.47007812499999996 0.5486666666666666 0.011395833333333332 0.014546296296296297
1 0.40005208333333336 0.5317777777777778 0.007598958333333333 0.018185185185185186
2 0.37597395833333336 0.5956851851851852 0.007307291666666666 0.020259259259259258
2 0.45678124999999997 0.7003796296296296 0.010520833333333333 0.023898148148148148
2 0.45648958333333334 0.7354444444444445 0.014026041666666666 0.03896296296296296
2 0.40081249999999996 0.7962407407407408 0.013151041666666667 0.03896296296296296
1 0.49272916666666666 0.5665833333333333 0.013442708333333333 0.015064814814814814
2 0.42682291666666666 0.5322962962962963 0.004385416666666667 0.005712962962962963
1 0.42317187500000003 0.5156666666666666 0.007598958333333333 0.014027777777777778
1 0.434421875 0.5180092592592593 0.0090625 0.011425925925925926
1 0.4471354166666667 0.5455462962962964 0.008182291666666668 0.00935185185185185
1 0.4446510416666667 0.5346388888888889 0.0067239583333333335 0.00935185185185185
1 0.454296875 0.542425925925926 0.0067239583333333335 0.008314814814814815
1 0.42819270833333334 0.507175925925926 0.007390625 0.009222222222222224
1 0.41608854166666664 0.5035370370370371 0.005817708333333334 0.006990740740740741
1 0.42111979166666663 0.5014444444444444 0.005817708333333334 0.010064814814814815
3 0.5489010416666668 0.6270185185185184 0.0259375 0.03473148148148148
1 0.3704427083333333 0.4994907407407408 0.0067239583333333335 0.006435185185185185
1 0.37053125 0.4935185185185185 0.005171875 0.004907407407407407
3 0.36509895833333333 0.48324999999999996 0.0056875 0.01011111111111111
1 0.3773385416666667 0.4837037037037037 0.005 0.006740740740740741
1 0.36923958333333334 0.47221296296296295 0.005 0.005824074074074074