3 0.5184895833333333 0.6592592592592592 0.10572916666666667 0.22777777777777777
3 0.29635416666666664 0.8245370370370371 0.15520833333333334 0.3101851851851852
3 0.6606770833333333 0.7143518518518519 0.1390625 0.3731481481481482
3 0.611625 0.23058333333333333 0.05241666666666667 0.09069444444444445
3 0.4002604166666667 0.18888888888888888 0.028645833333333332 0.03888888888888889
2 0.190625 0.4486111111111111 0.028125 0.05277777777777778
2 0.3333333333333333 0.3194444444444444 0.01875 0.044444444444444446
1 0.178125 0.7787037037037037 0.15 0.21296296296296297
1 0.70703125 0.3578703703703704 0.04010416666666667 0.08055555555555556
1 0.64296875 0.29212962962962963 0.0359375 0.06018518518518518
1 0.5630208333333333 0.2337962962962963 0.03229166666666667 0.049074074074074076
1 0.3145833333333333 0.25046296296296294 0.03958333333333333 0.041666666666666664
1 0.4583333333333333 0.3907407407407407 0.05625 0.08148148148148149
1 0.6700520833333333 0.22546296296296298 0.025520833333333333 0.03981481481481482
1 0.7265625 0.25046296296296294 0.028125 0.062037037037037036
1 0.37161458333333336 0.2675925925925926 0.0421875 0.046296296296296294
2 0.424421875 0.2462962962962963 0.023958333333333335 0.05925925925925926
1 0.4296875 0.18055555555555555 0.03333333333333333 0.044444444444444446
1 0.39348958333333334 0.2986111111111111 0.044270833333333336 0.05648148148148148
1 0.59453125 0.18796296296296297 0.022395833333333334 0.03333333333333333
1 0.7234375 0.15925925925925927 0.016666666666666666 0.03518518518518519
1 0.46901041666666665 0.19074074074074074 0.027604166666666666 0.03333333333333333
1 0.7296875 0.2037037037037037 0.026041666666666668 0.037037037037037035
1 0.666015625 0.13333333333333333 0.014838541666666667 0.02962962962962963
1 0.45989583333333334 0.15601851851851853 0.020833333333333332 0.025
1 0.7403645833333333 0.1259259259259259 0.0140625 0.024074074074074074
1 0.63671875 0.12962962962962962 0.0140625 0.022222222222222223
3 0.6825520833333333 0.16483333333333333 0.0234375 0.05366666666666667
1 0.69453125 0.13564814814814816 0.016145833333333335 0.026851851851851852
3 0.7231770833333333 0.09074074074074075 0.0171875 0.024074074074074074
1 0.51796875 0.1259259259259259 0.016145833333333335 0.018518518518518517
1 0.5604166666666667 0.12361111111111112 0.013541666666666667 0.023148148148148147
1 0.5028645833333333 0.1476851851851852 0.019270833333333334 0.025
3 0.721875 0.12190740740740741 0.019791666666666666 0.04137962962962963
1 0.5260416666666666 0.16296296296296298 0.03229166666666667 0.04259259259259259
0 0.14635416666666667 0.4083333333333333 0.18958333333333333 0.21851851851851853
0 0.06640625 0.4115740740740741 0.1328125 0.19907407407407407
2 0.275984375 0.37592592592592594 0.0375 0.06296296296296296
2 0.6471041666666667 0.21026851851851852 0.010395833333333333 0.03950925925925926
2 0.6227291666666667 0.17777777777777778 0.008244791666666666 0.026759259259259257
2 0.65728125 0.12862962962962962 0.0044062500000000004 0.01867592592592593
2 0.679390625 0.1265185185185185 0.0069479166666666665 0.01927777777777778
2 0.688625 0.12923148148148147 0.0064375 0.01867592592592593
3 0.6974374999999999 0.09293518518518519 0.013895833333333333 0.0364537037037037
1 0.67778125 0.10257407407407408 0.011520833333333334 0.01898148148148148
2 0.66753125 0.10362962962962963 0.004911458333333333 0.017472222222222222
1 0.658296875 0.10512962962962964 0.008812500000000001 0.015064814814814814
2 0.6825260416666666 0.09112962962962963 0.0037291666666666667 0.014157407407407407
2 0.6840520833333333 0.08811111111111111 0.007114583333333333 0.012953703703703703
2 0.6739010416666668 0.08362962962962962 0.005083333333333333 0.009694444444444445
0 0.5904375000000001 0.09374074074074074 0.023640625000000002 0.029314814814814814
1 0.6045937499999999 0.10923148148148148 0.010890625 0.016037037037037037
1 0.6143906250000001 0.10148148148148148 0.010578124999999999 0.013824074074074074
1 0.5747291666666666 0.1324537037037037 0.013375 0.020462962962962964
1 0.54859375 0.10397222222222223 0.015244791666666667 0.02212037037037037
1 0.5677291666666666 0.10618518518518519 0.014932291666666668 0.01548148148148148
1 0.6698020833333334 0.07479629629629629 0.007859375 0.013972222222222223
1 0.6813020833333333 0.06962037037037037 0.005239583333333334 0.008796296296296297
3 0.7053229166666667 0.06962037037037037 0.010192708333333333 0.01812037037037037
1 0.6155 0.08514814814814814 0.009317708333333334 0.013972222222222223
2 0.6299114583333334 0.08333333333333333 0.00553125 0.01138888888888889
1 0.6175677083333333 0.07440740740740741 0.009260416666666667 0.015805555555555555
1 0.6254270833333333 0.07803703703703704 0.00678125 0.01138888888888889
2 0.6344218749999999 0.07737962962962962 0.00465625 0.009833333333333333
1 0.604515625 0.08121296296296296 0.010927083333333334 0.01574074074074074
1 0.6259947916666667 0.06614814814814815 0.007911458333333333 0.010379629629629631
1 0.6355989583333332 0.06178703703703704 0.0060260416666666665 0.009712962962962963
2 0.6427604166666666 0.06178703703703704 0.0022604166666666667 0.011055555555555555
1 0.64709375 0.062462962962962956 0.005276041666666667 0.010379629629629631
2 0.6905312499999999 0.0715 0.003947916666666666 0.006277777777777778
3 0.6896979166666667 0.06392592592592593 0.007276041666666667 0.014037037037037037
3 0.4889322916666667 0.12869444444444444 0.02997395833333333 0.04425
1 0.7144739583333333 0.08081481481481481 0.010489583333333333 0.019018518518518518