1 0.42213541666666665 0.44166666666666665 0.08697916666666666 0.12037037037037036
1 0.4703125 0.1587962962962963 0.03125 0.04722222222222222
2 0.5571822916666667 0.13740740740740742 0.008390625 0.023435185185185184
1 0.58515625 0.12638888888888888 0.0203125 0.025
2 0.6966145833333334 0.5277777777777778 0.05364583333333333 0.10925925925925926
1 0.6166666666666667 0.040740740740740744 0.009375 0.018518518518518517
1 0.59375 0.09074074074074075 0.010416666666666666 0.016666666666666666
1 0.6721354166666667 0.12314814814814815 0.022395833333333334 0.037037037037037035
1 0.5919270833333333 0.05462962962962963 0.015104166666666667 0.022222222222222223
1 0.608 0.09210185185185185 0.01009375 0.01636111111111111
2 0.6225468749999999 0.09262962962962963 0.00475 0.012138888888888888
1 0.6369427083333333 0.07969444444444444 0.010390624999999999 0.017944444444444443
1 0.624625 0.0672962962962963 0.008906250000000001 0.01425
1 0.7179947916666667 0.08972222222222223 0.012171875 0.015833333333333335
1 0.7117552083333333 0.08049074074074075 0.008609375 0.011083333333333334
1 0.6905312499999999 0.0694074074074074 0.010687499999999999 0.015305555555555557
1 0.7043333333333333 0.07046296296296296 0.009203125000000001 0.012138888888888888
2 0.683109375 0.07099074074074074 0.00415625 0.01425