1 0.6622395833333333 0.49212962962962964 0.08385416666666666 0.13425925925925927
1 0.41171875 0.20324074074074075 0.04010416666666667 0.04722222222222222
1 0.11432291666666666 0.4074074074074074 0.04114583333333333 0.06111111111111111
1 0.48046875 0.17685185185185184 0.024479166666666666 0.027777777777777776
1 0.5604166666666667 0.13333333333333333 0.01875 0.022222222222222223
1 0.5200520833333333 0.12361111111111112 0.016145833333333335 0.021296296296296296
1 0.5096354166666667 0.17731481481481481 0.030729166666666665 0.03425925925925926
1 0.6203125 0.23796296296296296 0.04479166666666667 0.06851851851851852
1 0.44140625 0.41805555555555557 0.049479166666666664 0.07314814814814814
2 0.17682291666666666 0.4199074074074074 0.0296875 0.04351851851851852
1 0.12994791666666666 0.5087962962962963 0.058854166666666666 0.07314814814814814
2 0.5403645833333334 0.2675925925925926 0.0234375 0.040740740740740744
2 0.5682291666666667 0.3194444444444444 0.021875 0.046296296296296294
2 0.67421875 0.30833333333333335 0.03177083333333333 0.053703703703703705
1 0.7158854166666667 0.2125 0.027604166666666666 0.04537037037037037
2 0.58984375 0.09305555555555556 0.009895833333333333 0.013888888888888888
1 0.6364583333333333 0.13425925925925927 0.023958333333333335 0.03518518518518519
2 0.16510416666666666 0.37592592592592594 0.030208333333333334 0.046296296296296294
1 0.07338020833333332 0.9259259259259259 0.11354166666666667 0.1259259259259259
1 0.732265625 0.14743518518518517 0.025947916666666668 0.023944444444444445
1 0.6892395833333332 0.1553240740740741 0.022005208333333335 0.026861111111111113
2 0.7237291666666666 0.1121111111111111 0.008869791666666666 0.018685185185185187
1 0.68365625 0.09575925925925927 0.0154375 0.015185185185185184
1 0.66690625 0.08758333333333333 0.014125 0.015185185185185184
1 0.7233958333333333 0.08496296296296296 0.011494791666666667 0.01576851851851852
2 0.7020468750000001 0.09780555555555555 0.006895833333333334 0.01225925925925926
1 0.6780729166666667 0.07941666666666666 0.011494791666666667 0.009342592592592593
1 0.6179635416666667 0.07737037037037037 0.009526041666666667 0.009925925925925927
1 0.6104114583333333 0.06861111111111111 0.006239583333333334 0.009925925925925927
1 0.624203125 0.0706574074074074 0.010182291666666668 0.011675925925925925