1 0.7083333333333334 0.30787037037037035 0.05 0.06574074074074074
1 0.6924479166666667 0.5009259259259259 0.0734375 0.13148148148148148
1 0.55234375 0.5388888888888889 0.10677083333333333 0.17777777777777778
1 0.12786458333333334 0.38796296296296295 0.06822916666666666 0.07407407407407407
1 0.4479166666666667 0.17962962962962964 0.03125 0.037037037037037035
1 0.6216145833333333 0.8800925925925925 0.11927083333333334 0.2361111111111111
1 0.6411458333333333 0.1337962962962963 0.029166666666666667 0.05092592592592592
1 0.56796875 0.10277777777777777 0.015104166666666667 0.02962962962962963
1 0.5703125 0.324537037037037 0.05416666666666667 0.06944444444444445
0 0.5169270833333334 0.10648148148148148 0.03802083333333333 0.05555555555555555
1 0.5892031249999999 0.09548148148148149 0.01196875 0.015703703703703706
1 0.5997447916666666 0.09902777777777778 0.011395833333333332 0.012666666666666666
1 0.6959062500000001 0.1481574074074074 0.02022916666666667 0.016712962962962964
1 0.6959062500000001 0.12966666666666665 0.015098958333333332 0.022287037037037036
1 0.6708333333333333 0.0845925925925926 0.011109375 0.015194444444444444
1 0.6846510416666667 0.09649074074074074 0.014244791666666668 0.015703703703703706
1 0.7024583333333333 0.09294444444444444 0.012822916666666666 0.009620370370370371
1 0.6782395833333333 0.06280555555555556 0.008833333333333334 0.012157407407407408
2 0.687015625 0.0845925925925926 0.007395833333333333 0.010166666666666668
1 0.6883541666666667 0.06306481481481481 0.006838541666666667 0.007601851851851853
1 0.694484375 0.05698148148148148 0.005411458333333333 0.006583333333333333
1 0.6695520833333333 0.04988888888888889 0.005130208333333333 0.007601851851851853
1 0.6771041666666666 0.046092592592592595 0.005411458333333333 0.010129629629629629
1 0.6409166666666667 0.07522222222222222 0.01225 0.010638888888888889
2 0.13286458333333334 0.4192037037037037 0.029020833333333333 0.035472222222222224
1 0.7214583333333333 0.11971296296296295 0.021765625 0.03949999999999999
1 0.7189583333333334 0.09206481481481482 0.011432291666666667 0.014351851851851852
1 0.707359375 0.07054629629629629 0.009078125 0.009564814814814814
1 0.7164375 0.07562037037037037 0.0070625 0.01375