3 0.4278645833333333 0.16898148148148148 0.0796875 0.10092592592592593
3 0.29921875 0.24305555555555555 0.059895833333333336 0.075
3 0.57265625 0.08981481481481482 0.0265625 0.044444444444444446
2 0.5325520833333334 0.30972222222222223 0.013020833333333334 0.05277777777777778
1 0.13463541666666667 0.8175925925925925 0.1421875 0.24259259259259258
1 0.32317708333333334 0.34444444444444444 0.058854166666666666 0.05555555555555555
1 0.62421875 0.8296296296296296 0.10052083333333334 0.24074074074074073
1 0.6755208333333333 0.5148148148148148 0.059375 0.13703703703703704
1 0.6997395833333333 0.4046296296296296 0.04114583333333333 0.08333333333333333
1 0.6013020833333333 0.28055555555555556 0.0359375 0.05925925925925926
1 0.09557291666666666 0.47685185185185186 0.09427083333333333 0.11851851851851852
1 0.7109375 0.32083333333333336 0.034375 0.062037037037037036
1 0.23359375 0.3476851851851852 0.058854166666666666 0.05462962962962963
1 0.52890625 0.27037037037037037 0.0390625 0.05555555555555555
1 0.4986979166666667 0.1685185185185185 0.024479166666666666 0.025925925925925925
1 0.5955729166666667 0.18287037037037038 0.025520833333333333 0.03425925925925926
3 0.723953125 0.22462962962962962 0.04373958333333334 0.0970462962962963
1 0.3828125 0.18796296296296297 0.017708333333333333 0.044444444444444446
1 0.03229166666666667 0.6592592592592592 0.06458333333333334 0.11296296296296296
1 0.6411458333333333 0.18425925925925926 0.020833333333333332 0.03333333333333333
3 0.664984375 0.2396851851851852 0.047671875 0.10396296296296297
1 0.5734375 0.12916666666666668 0.016666666666666666 0.021296296296296296
1 0.5357864583333334 0.14082407407407407 0.03552604166666666 0.04437962962962963
1 0.5447916666666667 0.10833333333333334 0.013541666666666667 0.018518518518518517
3 0.7311875000000001 0.19417592592592595 0.04128645833333333 0.055481481481481486
1 0.7453125 0.1425925925925926 0.014583333333333334 0.022222222222222223
1 0.6328125 0.14629629629629629 0.023958333333333335 0.027777777777777776
1 0.47994791666666664 0.1476851851851852 0.022395833333333334 0.021296296296296296
1 0.61875 0.15925925925925927 0.019791666666666666 0.025925925925925925
1 0.7752604166666667 0.10462962962962963 0.009895833333333333 0.020370370370370372
1 0.66484375 0.1398148148148148 0.018229166666666668 0.027777777777777776
1 0.7223958333333333 0.1388888888888889 0.022916666666666665 0.03333333333333333
1 0.6479166666666667 0.12407407407407407 0.014583333333333334 0.018518518518518517
0 0.3958333333333333 0.5861111111111111 0.228125 0.42777777777777776
3 0.6807760416666666 0.1835 0.0316875 0.05803703703703704
3 0.6879791666666667 0.14039814814814813 0.024963541666666665 0.055481481481481486
3 0.745828125 0.1147962962962963 0.018723958333333336 0.038407407407407404
3 0.6831770833333334 0.10797222222222222 0.024963541666666665 0.03499074074074074
3 0.7004583333333334 0.11052777777777778 0.01728125 0.038407407407407404
2 0.598921875 0.09858333333333333 0.007203125 0.012805555555555556
2 0.6061197916666666 0.08492592592592592 0.004322916666666667 0.017925925925925925
1 0.659171875 0.10327777777777779 0.013442708333333333 0.020481481481481482
1 0.6668541666666666 0.09047222222222222 0.011520833333333334 0.017074074074074075
3 0.7220624999999999 0.09815740740740742 0.019203124999999998 0.030722222222222224
3 0.7323854166666667 0.08236111111111111 0.012 0.016212962962962964
3 0.6824583333333333 0.08236111111111111 0.010083333333333333 0.03328703703703704
3 0.7006979166666666 0.0845 0.017765625 0.04437962962962963