3 0.3859375 0.1925925925925926 0.065625 0.08148148148148149
3 0.12161458333333333 0.36574074074074076 0.0703125 0.08333333333333333
2 0.5739583333333333 0.39814814814814814 0.016666666666666666 0.053703703703703705
2 0.128125 0.43425925925925923 0.026041666666666668 0.05
2 0.33697916666666666 0.2601851851851852 0.013541666666666667 0.027777777777777776
1 0.30104166666666665 0.8171296296296297 0.12291666666666666 0.21574074074074073
1 0.6205729166666667 0.40185185185185185 0.0484375 0.07962962962962963
1 0.7002604166666667 0.5263888888888889 0.059895833333333336 0.12685185185185185
1 0.5041666666666667 0.31296296296296294 0.046875 0.06111111111111111
1 0.7018229166666666 0.4152777777777778 0.04635416666666667 0.08611111111111111
1 0.5130208333333334 0.1527777777777778 0.027083333333333334 0.037037037037037035
1 0.6200520833333333 0.22083333333333333 0.027604166666666666 0.04351851851851852
1 0.58125 0.19953703703703704 0.028125 0.03796296296296296
1 0.6268229166666667 0.2689814814814815 0.0359375 0.05277777777777778
1 0.5580729166666667 0.23981481481481481 0.0328125 0.046296296296296294
1 0.6278645833333333 0.9115740740740741 0.10989583333333333 0.17314814814814813
1 0.71484375 0.2601851851851852 0.0265625 0.046296296296296294
1 0.6729166666666667 0.21574074074074073 0.027083333333333334 0.03888888888888889
1 0.5489583333333333 0.1259259259259259 0.015625 0.018518518518518517
1 0.7231770833333333 0.1962962962962963 0.022395833333333334 0.03518518518518519
1 0.033854166666666664 0.9513888888888888 0.06770833333333333 0.09537037037037037
1 0.73359375 0.15324074074074073 0.016145833333333335 0.025
1 0.6140625 0.16203703703703703 0.019791666666666666 0.03148148148148148
1 0.6567708333333333 0.14907407407407408 0.017708333333333333 0.03333333333333333
1 0.6799479166666667 0.18564814814814815 0.022395833333333334 0.03611111111111111
1 0.39791666666666664 0.20694444444444443 0.034375 0.05277777777777778
1 0.66875 0.12685185185185185 0.013541666666666667 0.022222222222222223
1 0.740625 0.12685185185185185 0.0125 0.018518518518518517
1 0.6872395833333333 0.16620370370370371 0.019270833333333334 0.026851851851851852
1 0.62890625 0.1449074074074074 0.0171875 0.026851851851851852
1 0.6880208333333333 0.1388888888888889 0.020833333333333332 0.025925925925925925
1 0.6133333333333333 0.07642592592592592 0.006671875 0.012296296296296296
1 0.6200104166666667 0.0801111111111111 0.0090625 0.013935185185185186
2 0.5951458333333334 0.08168518518518518 0.004130208333333333 0.015055555555555556
1 0.6017656250000001 0.0714074074074074 0.006369791666666667 0.011324074074074075
1 0.6360625 0.06544444444444444 0.007166666666666667 0.009666666666666665
1 0.6451145833333333 0.06770370370370371 0.006859375 0.009148148148148148
1 0.6315208333333333 0.0714074074074074 0.008572916666666668 0.008703703703703705
1 0.7237343749999999 0.13824074074074075 0.012734375 0.01785185185185185
1 0.6985052083333334 0.13149074074074074 0.014203125 0.02263888888888889
2 0.6663020833333333 0.10580555555555556 0.003671875 0.010453703703703703
1 0.6771979166666667 0.10776851851851851 0.010286458333333333 0.010018518518518519
1 0.639359375 0.12953703703703703 0.0149375 0.01785185185185185
1 0.651484375 0.12191666666666666 0.012734375 0.015675925925925926
1 0.656015625 0.10427777777777779 0.011020833333333334 0.021333333333333333
1 0.7405104166666666 0.11255555555555556 0.012489583333333333 0.016981481481481483
3 0.7217760416666666 0.11081481481481482 0.017145833333333336 0.037009259259259256
3 0.6986302083333332 0.09687962962962962 0.015921875 0.04833333333333334
2 0.683078125 0.12387037037037037 0.006369791666666667 0.015240740740740742
1 0.6827083333333334 0.08903703703703704 0.008572916666666668 0.01785185185185185
1 0.66653125 0.09216666666666667 0.007947916666666667 0.014342592592592593
1 0.7323958333333334 0.09894444444444445 0.012276041666666666 0.022314814814814815
1 0.7243489583333333 0.08221296296296297 0.007640625 0.013092592592592593
1 0.6686614583333333 0.0792962962962963 0.007848958333333333 0.01100925925925926
1 0.7070729166666666 0.06810185185185184 0.008260416666666666 0.01211111111111111
1 0.6843645833333334 0.07312962962962963 0.009390625000000001 0.01712962962962963
3 0.6153072916666668 0.05973148148148149 0.012598958333333334 0.019324074074074073
3 0.49844791666666666 0.14560185185185184 0.025942708333333335 0.030305555555555554
2 0.41809375 0.19387037037037036 0.015734375000000002 0.027324074074074077