3 0.38619791666666664 0.2740740740740741 0.04114583333333333 0.08333333333333333
3 0.33880208333333334 0.15046296296296297 0.018229166666666668 0.041666666666666664
2 0.6700520833333333 0.7041666666666667 0.044270833333333336 0.0824074074074074
1 0.30390625 0.6347222222222222 0.06197916666666667 0.13425925925925927
1 0.2630208333333333 0.28425925925925927 0.026041666666666668 0.05185185185185185
1 0.48046875 0.30092592592592593 0.0359375 0.04259259259259259
1 0.36692708333333335 0.15925925925925927 0.0140625 0.020370370370370372
1 0.3203125 0.09861111111111111 0.008333333333333333 0.01574074074074074
1 0.346875 0.12037037037037036 0.010416666666666666 0.020370370370370372
1 0.25729166666666664 0.09305555555555556 0.008333333333333333 0.01574074074074074
1 0.25859375 0.07037037037037037 0.0078125 0.014814814814814815
1 0.33515625 0.07731481481481481 0.008854166666666666 0.013888888888888888
1 0.2559895833333333 0.04814814814814815 0.008854166666666666 0.018518518518518517
1 0.24791666666666667 0.052314814814814814 0.007291666666666667 0.01574074074074074