0 0.55546875 0.22685185185185186 0.0546875 0.07407407407407407
3 0.6768229166666667 0.324537037037037 0.0546875 0.0824074074074074
2 0.4309895833333333 0.27824074074074073 0.0109375 0.03796296296296296
2 0.2674479166666667 0.21574074074074073 0.0067708333333333336 0.027777777777777776
1 0.33359375 0.8171296296296297 0.0828125 0.19537037037037036
1 0.2755208333333333 0.37083333333333335 0.036458333333333336 0.06018518518518518
1 0.2591145833333333 0.2722222222222222 0.024479166666666666 0.046296296296296294
1 0.49505208333333334 0.4064814814814815 0.05677083333333333 0.09259259259259259
1 0.6989583333333333 0.43333333333333335 0.057291666666666664 0.06296296296296296
1 0.51640625 0.3523148148148148 0.043229166666666666 0.05277777777777778
1 0.4359375 0.22407407407407406 0.025 0.03148148148148148
1 0.37864583333333335 0.18935185185185185 0.019791666666666666 0.026851851851851852
1 0.8028645833333333 0.5481481481481482 0.0609375 0.08148148148148149
3 0.3296875 0.13333333333333333 0.011458333333333333 0.022222222222222223
1 0.26614583333333336 0.18564814814814815 0.016666666666666666 0.030555555555555555
1 0.5200520833333333 0.2361111111111111 0.0359375 0.046296296296296294
1 0.3625 0.1550925925925926 0.013541666666666667 0.023148148148148147
1 0.38776041666666666 0.1597222222222222 0.016145833333333335 0.021296296296296296
1 0.2596354166666667 0.09768518518518518 0.008854166666666666 0.01574074074074074
3 0.25833333333333336 0.125 0.0125 0.024074074074074074
3 0.25807291666666665 0.15092592592592594 0.015104166666666667 0.03333333333333333
1 0.36614583333333334 0.12361111111111112 0.009375 0.01574074074074074
3 0.809375 0.45 0.0375 0.03518518518518519
1 0.46119791666666665 0.17175925925925925 0.015104166666666667 0.021296296296296296
1 0.31640625 0.06111111111111111 0.005729166666666666 0.012962962962962963
1 0.32786458333333335 0.07546296296296297 0.008854166666666666 0.01574074074074074
1 0.26015625 0.07083333333333333 0.0078125 0.013888888888888888
1 0.48880208333333336 0.16805555555555557 0.0140625 0.026851851851851852
1 0.3375 0.07962962962962963 0.008333333333333333 0.012962962962962963
1 0.24973958333333332 0.05185185185185185 0.0067708333333333336 0.014814814814814815
2 0.3776041666666667 0.16018518518518518 0.00625 0.018518518518518517
2 0.35015625 0.1305648148148148 0.0056770833333333335 0.014481481481481482
2 0.346671875 0.11121296296296296 0.003848958333333333 0.009546296296296298
2 0.34078125 0.09855555555555555 0.003265625 0.007472222222222222
2 0.33745312499999996 0.09233333333333334 0.0029166666666666664 0.009546296296296298
1 0.35175 0.10187037037037036 0.006067708333333334 0.008296296296296296
1 0.347546875 0.09377777777777778 0.008171875 0.012037037037037037
1 0.3295 0.06314814814814815 0.004744791666666666 0.008685185185185186
1 0.333125 0.06872222222222223 0.005583333333333333 0.009425925925925926