3 0.65625 0.1486111111111111 0.016666666666666666 0.03981481481481482
1 0.5703125 0.21898148148148147 0.023958333333333335 0.03425925925925926
1 0.6171875 0.15 0.015625 0.020370370370370372
1 0.4640625 0.2490740740740741 0.03125 0.044444444444444446
1 0.675 0.10833333333333334 0.009375 0.018518518518518517
1 0.35703125 0.36574074074074076 0.0484375 0.06666666666666667
1 0.4359375 0.2518518518518518 0.023958333333333335 0.037037037037037035
1 0.3611979166666667 0.32037037037037036 0.0328125 0.04259259259259259
2 0.6545052083333334 0.10572222222222223 0.004380208333333258 0.015564814814814818
1 0.6416666666666667 0.11018518518518519 0.009375 0.014814814814814815
1 0.4206666666666667 0.24096296296296296 0.030921874999999942 0.04215740740740738
1 0.11328125 0.6685185185185185 0.027604166666666666 0.053703703703703705
1 0.28541666666666665 0.40324074074074073 0.017708333333333333 0.03981481481481482
1 0.5416666666666666 0.17314814814814813 0.013541666666666667 0.020370370370370372
0 0.68671875 0.062333333333333324 0.008854166666666666 0.016666666666666666
3 0.7397708333333334 0.075 0.008333333333333333 0.020370370370370372
1 0.5088541666666667 0.20833333333333334 0.01875 0.03148148148148148
1 0.67578125 0.0712962962962963 0.0078125 0.012962962962962963
1 0.35313541666666665 0.2803611111111111 0.06147395833333332 0.09112962962962962
1 0.6700520833333333 0.08611111111111111 0.0067708333333333336 0.012962962962962963
1 0.3458333333333333 0.38101851851851853 0.026041666666666668 0.03611111111111111
1 0.6833333333333333 0.07777777777777778 0.00625 0.009259259259259259
1 0.5236979166666667 0.17777777777777778 0.009895833333333333 0.016666666666666666
1 0.6630781250000001 0.07686111111111112 0.007661458333333353 0.011027777777777775
2 0.4415260416666667 0.26283333333333336 0.010505208333333372 0.02425000000000005
1 0.6731041666666667 0.05912037037037038 0.003989583333333257 0.008277777777777781
1 0.7391770833333333 0.0634537037037037 0.005119791666666628 0.008222222222222218
1 0.7391770833333333 0.051111111111111114 0.00677604166666678 0.008222222222222218
3 0.7411614583333334 0.041416666666666664 0.004463541666666752 0.007046296296296296