3 0.6580729166666667 0.1625 0.018229166666666668 0.03796296296296296
3 0.6661458333333333 0.1412037037037037 0.015625 0.032407407407407406
3 0.6864583333333333 0.07546296296296297 0.008333333333333333 0.019444444444444445
2 0.6002604166666666 0.19953703703703704 0.0067708333333333336 0.026851851851851852
1 0.5138020833333333 0.3958333333333333 0.0484375 0.06574074074074074
1 0.6091145833333333 0.1625 0.015104166666666667 0.023148148148148147
1 0.7421875 0.11203703703703703 0.009375 0.014814814814814815
1 0.5330729166666667 0.18009259259259258 0.019270833333333334 0.026851851851851852
1 0.6643229166666667 0.10324074074074074 0.009895833333333333 0.017592592592592594
1 0.640625 0.1527777777777778 0.0125 0.016666666666666666
1 0.6723958333333333 0.08425925925925926 0.007291666666666667 0.014814814814814815
1 0.6619791666666667 0.08009259259259259 0.007291666666666667 0.012037037037037037
1 0.7841145833333333 0.19953703703703704 0.011979166666666667 0.012037037037037037
1 0.20442708333333334 0.4587962962962963 0.0234375 0.04351851851851852
1 0.62578125 0.15 0.0046875 0.016666666666666666
1 0.69140625 0.05277777777777778 0.0078125 0.014814814814814815
1 0.6518229166666667 0.10138888888888889 0.0067708333333333336 0.017592592592592594
1 0.7450520833333333 0.040740740740740744 0.0078125 0.011111111111111112
1 0.7515625 0.05185185185185185 0.007291666666666667 0.014814814814814815
1 0.64453125 0.15138888888888888 0.005729166666666666 0.01574074074074074