2 0.17473958333333334 0.5259259259259259 0.018229166666666668 0.04814814814814815
1 0.18515625 0.774537037037037 0.12135416666666667 0.13425925925925927
1 0.6049479166666667 0.45185185185185184 0.0234375 0.040740740740740744
1 0.14140625 0.562037037037037 0.0640625 0.07592592592592592
1 0.23046875 0.47175925925925927 0.03802083333333333 0.03796296296296296
1 0.5171875 0.4537037037037037 0.028125 0.044444444444444446
1 0.4947916666666667 0.4222222222222222 0.019791666666666666 0.025925925925925925
1 0.35390625 0.4212962962962963 0.025520833333333333 0.03888888888888889
1 0.44765625 0.47453703703703703 0.0328125 0.041666666666666664
1 0.5197916666666667 0.5907407407407408 0.051041666666666666 0.07407407407407407
1 0.5953125 0.4078703703703704 0.014583333333333334 0.026851851851851852
1 0.026302083333333334 0.6087962962962963 0.050520833333333334 0.058333333333333334
1 0.27369791666666665 0.4546296296296296 0.015104166666666667 0.018518518518518517
1 0.5455729166666666 0.3902777777777778 0.011979166666666667 0.019444444444444445
1 0.3572916666666667 0.45787037037037037 0.03333333333333333 0.030555555555555555
1 0.4041666666666667 0.4115740740740741 0.016666666666666666 0.026851851851851852
1 0.5255208333333333 0.3819444444444444 0.0125 0.017592592592592594
1 0.553125 0.3675925925925926 0.009375 0.016666666666666666
1 0.36744791666666665 0.4532407407407407 0.013020833333333334 0.021296296296296296
1 0.45677083333333335 0.4722222222222222 0.014583333333333334 0.03518518518518519
2 0.5328125 0.4166666666666667 0.007291666666666667 0.025925925925925925
1 0.5364583333333334 0.3680555555555556 0.010416666666666666 0.01574074074074074
1 0.5791666666666667 0.36018518518518516 0.007291666666666667 0.009259259259259259
1 0.46848958333333335 0.38287037037037036 0.0140625 0.019444444444444445
1 0.5690104166666666 0.3685185185185185 0.009895833333333333 0.014814814814814815
1 0.453125 0.3921296296296296 0.010416666666666666 0.017592592592592594
1 0.3606770833333333 0.42453703703703705 0.0109375 0.025
1 0.3497395833333333 0.42824074074074076 0.018229166666666668 0.025