3 0.36770833333333336 0.6791666666666667 0.10520833333333333 0.1638888888888889
3 0.6096354166666667 0.5375 0.0484375 0.11388888888888889
2 0.2513020833333333 0.5092592592592593 0.019270833333333334 0.04814814814814815
2 0.41822916666666665 0.5467592592592593 0.019791666666666666 0.04722222222222222
1 0.6122395833333333 0.9037037037037037 0.0953125 0.18888888888888888
1 0.5536458333333333 0.46111111111111114 0.026041666666666668 0.037037037037037035
1 0.22291666666666668 0.4726851851851852 0.040625 0.03981481481481482
1 0.31015625 0.49074074074074076 0.0453125 0.044444444444444446
1 0.11875 0.5254629629629629 0.052083333333333336 0.049074074074074076
1 0.054427083333333334 0.5527777777777778 0.0578125 0.06481481481481481
1 0.5020833333333333 0.46435185185185185 0.030208333333333334 0.049074074074074076
1 0.16744791666666667 0.5 0.04635416666666667 0.044444444444444446
1 0.20885416666666667 0.7490740740740741 0.11458333333333333 0.12222222222222222
1 0.36302083333333335 0.41203703703703703 0.020833333333333332 0.024074074074074074
1 0.4825520833333333 0.4351851851851852 0.025520833333333333 0.03148148148148148
1 0.21145833333333333 0.5212962962962963 0.04583333333333333 0.05185185185185185
1 0.6153645833333333 0.40694444444444444 0.016145833333333335 0.021296296296296296
1 0.53203125 0.4152777777777778 0.018229166666666668 0.025
1 0.59296875 0.39675925925925926 0.013020833333333334 0.025
1 0.3997395833333333 0.4148148148148148 0.022395833333333334 0.024074074074074074
1 0.5484375 0.38472222222222224 0.0125 0.017592592592592594
1 0.50859375 0.4050925925925926 0.018229166666666668 0.025
1 0.5223958333333333 0.38842592592592595 0.013541666666666667 0.017592592592592594
1 0.41640625 0.3912037037037037 0.0140625 0.019444444444444445
1 0.42916666666666664 0.3819444444444444 0.013541666666666667 0.019444444444444445
1 0.5645833333333333 0.4148148148148148 0.017708333333333333 0.025925925925925925
1 0.5700520833333333 0.39490740740740743 0.013020833333333334 0.021296296296296296
1 0.5544270833333333 0.36342592592592593 0.008854166666666666 0.01574074074074074
1 0.5877604166666667 0.3712962962962963 0.008854166666666666 0.014814814814814815
1 0.5997395833333333 0.38101851851851853 0.0078125 0.017592592592592594
1 0.5731770833333333 0.37546296296296294 0.0109375 0.017592592592592594
2 0.5407031250000001 0.37799074074074074 0.0038802083333332386 0.014175925925925875
1 0.5330729166666667 0.37407407407407406 0.011979166666666667 0.018518518518518517
1 0.4549479166666667 0.39351851851851855 0.013020833333333334 0.018518518518518517
1 0.3223958333333333 0.44027777777777777 0.028125 0.03425925925925926
1 0.5664583333333333 0.3613240740740741 0.00969791666666661 0.013796296296296275
1 0.5824114583333333 0.3628611111111111 0.006682291666666629 0.014564814814814833
1 0.57734375 0.3584537037037037 0.006036458333333409 0.008046296296296346