3 0.5244791666666667 0.6388888888888888 0.13125 0.31296296296296294
3 0.45677083333333335 0.4828703703703704 0.052083333333333336 0.12129629629629629
3 0.44036458333333334 0.4203703703703704 0.030729166666666665 0.07037037037037037
2 0.3888020833333333 0.6078703703703704 0.018229166666666668 0.06574074074074074
1 0.71171875 0.8166666666666667 0.1296875 0.2111111111111111
1 0.8080729166666667 0.5328703703703703 0.0578125 0.06388888888888888
1 0.5239583333333333 0.44351851851851853 0.028125 0.037037037037037035
1 0.3924479166666667 0.4439814814814815 0.0203125 0.032407407407407406
1 0.46848958333333335 0.41805555555555557 0.019270833333333334 0.026851851851851852
1 0.6276041666666666 0.42407407407407405 0.028125 0.040740740740740744
1 0.39453125 0.4041666666666667 0.016145833333333335 0.023148148148148147
1 0.6802083333333333 0.48009259259259257 0.035416666666666666 0.03981481481481482
1 0.6385416666666667 0.41574074074074074 0.022916666666666665 0.02962962962962963
1 0.7065104166666667 0.4703703703703704 0.0234375 0.03148148148148148
1 0.4635416666666667 0.3675925925925926 0.011458333333333333 0.014814814814814815
1 0.4471354166666667 0.3763888888888889 0.009895833333333333 0.01574074074074074
3 0.7339583333333334 0.4416759259259259 0.05980208333333333 0.06294444444444444
1 0.5283854166666667 0.38101851851851853 0.0109375 0.017592592592592594
1 0.6700520833333333 0.4703703703703704 0.015104166666666667 0.020370370370370372
1 0.5841145833333333 0.4023148148148148 0.0171875 0.028703703703703703
1 0.9783854166666667 0.638425925925926 0.0421875 0.04722222222222222
1 0.47109375 0.38333333333333336 0.013020833333333334 0.014814814814814815
3 0.40610416666666665 0.3848240740740741 0.015385416666666667 0.028296296296296295
3 0.43190625 0.38637037037037036 0.021661458333333335 0.048777777777777774
3 0.43784375 0.350962962962963 0.005598958333333333 0.015064814814814814
1 0.4473229166666667 0.3682037037037037 0.009333333333333334 0.015833333333333335
1 0.46010416666666665 0.3581111111111111 0.008473958333333333 0.009444444444444445
1 0.44667708333333334 0.35632407407407407 0.007755208333333334 0.01301851851851852
1 0.4236979166666667 0.3549259259259259 0.006609375 0.011231481481481483
1 0.42886979166666667 0.3505833333333333 0.005171875 0.006638888888888889
3 0.44861458333333337 0.3481574074074074 0.006177083333333333 0.008935185185185185