2 0.9747395833333333 0.5708333333333333 0.049479166666666664 0.07314814814814814
1 0.9263020833333333 0.9009259259259259 0.14635416666666667 0.19444444444444445
1 0.35989583333333336 0.6504629629629629 0.06041666666666667 0.10092592592592593
1 0.5393229166666667 0.549074074074074 0.049479166666666664 0.06481481481481481
1 0.74453125 0.475462962962963 0.04010416666666667 0.04351851851851852
1 0.63984375 0.45416666666666666 0.034895833333333334 0.03611111111111111
1 0.5020833333333333 0.41898148148148145 0.01875 0.025
1 0.91796875 0.6273148148148148 0.08072916666666667 0.08425925925925926
1 0.46197916666666666 0.40879629629629627 0.016666666666666666 0.025
1 0.40234375 0.39444444444444443 0.013020833333333334 0.020370370370370372
1 0.68203125 0.4601851851851852 0.03177083333333333 0.03333333333333333
1 0.45260416666666664 0.38935185185185184 0.0125 0.017592592592592594
1 0.47421875 0.3861111111111111 0.011979166666666667 0.018518518518518517
1 0.9783854166666667 0.5569444444444445 0.04114583333333333 0.04351851851851852
1 0.5986979166666667 0.4013888888888889 0.016145833333333335 0.025
1 0.42265625 0.3560185185185185 0.005729166666666666 0.010185185185185186
1 0.5283854166666667 0.3814814814814815 0.011979166666666667 0.016666666666666666
1 0.5817708333333333 0.40324074074074073 0.015625 0.021296296296296296
1 0.43921875 0.3548425925925926 0.007083333333333333 0.011962962962962963
1 0.446875 0.3578703703703704 0.007291666666666667 0.012037037037037037
1 0.46796875 0.37407407407407406 0.008854166666666666 0.016666666666666666
1 0.9369791666666667 0.6481481481481481 0.11979166666666667 0.1259259259259259
1 0.5686875 0.38399074074074074 0.020005208333333333 0.034712962962962966
1 0.4365625 0.3450740740740741 0.0038958333333333336 0.007555555555555556
1 0.46242187500000004 0.36869444444444444 0.0074375 0.009444444444444445
1 0.46117708333333335 0.35641666666666666 0.007083333333333333 0.011333333333333334