1 0.3802083333333333 0.6481481481481481 0.08958333333333333 0.12037037037037036
1 0.6986979166666667 0.6930555555555555 0.12447916666666667 0.1638888888888889
1 0.5942708333333333 0.5375 0.08958333333333333 0.10277777777777777
1 0.88125 0.7787037037037037 0.14583333333333334 0.17407407407407408
1 0.3692708333333333 0.3106481481481482 0.0375 0.04537037037037037
1 0.2578125 0.34444444444444444 0.03854166666666667 0.05555555555555555
1 0.31875 0.16296296296296298 0.013541666666666667 0.025925925925925925
0 0.33984375 0.11435185185185186 0.0140625 0.030555555555555555
1 0.19609375 0.19305555555555556 0.018229166666666668 0.028703703703703703
1 0.32578125 0.09027777777777778 0.008854166666666666 0.025
1 0.2203125 0.1574074074074074 0.0125 0.025925925925925925
1 0.22734375 0.2074074074074074 0.0203125 0.027777777777777776
2 0.228609375 0.17654629629629628 0.006046874999999999 0.02398148148148148
1 0.24192708333333332 0.1736111111111111 0.0171875 0.026851851851851852
1 0.20572916666666666 0.17592592592592593 0.016666666666666666 0.02962962962962963
1 0.24453125 0.13796296296296295 0.015104166666666667 0.024074074074074074
1 0.2565104166666667 0.15555555555555556 0.0140625 0.020370370370370372
1 0.22890625 0.2518518518518518 0.025520833333333333 0.027777777777777776
1 0.22916666666666666 0.2263888888888889 0.021875 0.026851851851851852
1 0.23098958333333333 0.1638888888888889 0.013020833333333334 0.040740740740740744
1 0.26140104166666667 0.14305555555555555 0.011161458333333334 0.0215
1 0.25814583333333335 0.12444444444444445 0.010234374999999999 0.017361111111111112
1 0.2723333333333333 0.12858333333333333 0.011630208333333333 0.015712962962962963
1 0.2637291666666667 0.11122222222222222 0.0158125 0.019018518518518518
1 0.281171875 0.12113888888888891 0.009765625 0.01075
1 0.28931250000000003 0.10874074074074074 0.010234374999999999 0.015712962962962963
1 0.275125 0.09715740740740741 0.013489583333333333 0.019018518518518518
1 0.2855885416666667 0.09302777777777778 0.006510416666666667 0.017361111111111112
1 0.2988489583333333 0.08972222222222223 0.010697916666666666 0.01075