3 0.175 0.2662037037037037 0.028125 0.08611111111111111
2 0.4078125 0.3574074074074074 0.019791666666666666 0.040740740740740744
2 0.34921875 0.2490740740740741 0.009895833333333333 0.022222222222222223
2 0.32864583333333336 0.26666666666666666 0.009375 0.027777777777777776
1 0.7372395833333333 0.6236111111111111 0.10885416666666667 0.13240740740740742
1 0.3184895833333333 0.5444444444444444 0.07447916666666667 0.09259259259259259
1 0.2546875 0.3472222222222222 0.03958333333333333 0.05925925925925926
1 0.409375 0.29768518518518516 0.035416666666666666 0.05092592592592592
1 0.3138020833333333 0.1925925925925926 0.018229166666666668 0.02962962962962963
1 0.21276041666666667 0.16805555555555557 0.015104166666666667 0.028703703703703703
1 0.24166666666666667 0.17592592592592593 0.016666666666666666 0.025925925925925925
1 0.34817708333333336 0.1912037037037037 0.0171875 0.026851851851851852
1 0.19375 0.21435185185185185 0.020833333333333332 0.030555555555555555
1 0.22786458333333334 0.24351851851851852 0.025520833333333333 0.040740740740740744
1 0.33958333333333335 0.12916666666666668 0.009375 0.01574074074074074
1 0.26640625 0.13842592592592592 0.013020833333333334 0.019444444444444445
2 0.24166666666666667 0.2712962962962963 0.010416666666666666 0.04259259259259259
2 0.3190104166666667 0.14074074074074075 0.0046875 0.011111111111111112
1 0.33697916666666666 0.11296296296296296 0.009375 0.014814814814814815
1 0.33748958333333334 0.09437037037037037 0.010416666666666666 0.01075
1 0.3377604166666667 0.08055555555555556 0.0067708333333333336 0.009259259259259259
1 0.278125 0.11944444444444445 0.010416666666666666 0.016666666666666666
1 0.32421875 0.09490740740740741 0.0067708333333333336 0.012037037037037037
1 0.24635416666666668 0.13796296296296295 0.011458333333333333 0.016666666666666666
3 0.27057291666666666 0.10430555555555555 0.013020833333333334 0.022222222222222223
1 0.2552083333333333 0.12638888888888888 0.0125 0.013888888888888888
1 0.2899479166666667 0.10482407407407407 0.008734374999999999 0.014935185185185185
1 0.28406770833333334 0.09675925925925925 0.006385416666666667 0.01075
1 0.29129166666666667 0.08630555555555555 0.0080625 0.006574074074074073