2 0.5859375 0.35509259259259257 0.017708333333333333 0.04722222222222222
1 0.6130208333333333 0.7101851851851851 0.10520833333333333 0.15
1 0.2234375 0.7532407407407408 0.140625 0.18981481481481483
1 0.4630208333333333 0.4388888888888889 0.065625 0.08333333333333333
1 0.5528645833333333 0.4148148148148148 0.06197916666666667 0.09074074074074075
1 0.20729166666666668 0.6583333333333333 0.1125 0.1425925925925926
1 0.7643229166666666 0.28379629629629627 0.0265625 0.041666666666666664
1 0.6635416666666667 0.2652777777777778 0.028125 0.041666666666666664
1 0.7653645833333333 0.18611111111111112 0.0171875 0.027777777777777776
1 0.684375 0.19305555555555556 0.016666666666666666 0.017592592592592594
1 0.7348958333333333 0.13703703703703704 0.010416666666666666 0.020370370370370372
1 0.6518229166666667 0.19768518518518519 0.019270833333333334 0.03611111111111111
1 0.6588541666666666 0.1597222222222222 0.014583333333333334 0.026851851851851852
1 0.6598958333333333 0.11898148148148148 0.008333333333333333 0.013888888888888888
1 0.7015625 0.08796296296296297 0.008333333333333333 0.011111111111111112
1 0.7192708333333333 0.11157407407407408 0.009375 0.01574074074074074
1 0.6830729166666667 0.1476851851851852 0.0140625 0.028703703703703703
1 0.65703125 0.13842592592592592 0.011979166666666667 0.019444444444444445
1 0.6747395833333333 0.09814814814814815 0.0078125 0.011111111111111112
1 0.6731770833333334 0.06944444444444445 0.0078125 0.014814814814814815
1 0.6682291666666667 0.06481481481481481 0.017708333333333333 0.03518518518518519
1 0.6815104166666667 0.13518518518518519 0.0109375 0.014814814814814815
1 0.678125 0.11018518518518519 0.009375 0.012962962962962963