1 0.42630208333333336 0.3060185185185185 0.0578125 0.11018518518518519
3 0.270984375 0.10671296296296297 0.014276041666666666 0.029157407407407406
1 0.7177083333333333 0.06018518518518518 0.027083333333333334 0.03148148148148148
1 0.34168229166666664 0.15172222222222223 0.019270833333333334 0.026055555555555557
1 0.3203125 0.10925925925925926 0.01875 0.02962962962962963
1 0.8018229166666667 0.09953703703703703 0.049479166666666664 0.03981481481481482
1 0.31614583333333335 0.1779537037037037 0.023958333333333335 0.02001851851851852
1 0.317359375 0.15366666666666667 0.019265625 0.021111111111111112
1 0.3401875 0.1283240740740741 0.01425 0.019240740740740742
1 0.3370208333333334 0.08914814814814814 0.013197916666666667 0.014074074074074074
1 0.32883854166666665 0.07085185185185185 0.006333333333333333 0.011259259259259259
1 0.3370208333333334 0.07061111111111111 0.008447916666666666 0.012666666666666666
1 0.337546875 0.05396296296296296 0.006864583333333333 0.008444444444444444
1 0.3462552083333333 0.0525462962962963 0.006864583333333333 0.008444444444444444
1 0.33173958333333337 0.04738888888888889 0.006333333333333333 0.007509259259259259
1 0.30072916666666666 0.08586111111111111 0.010291666666666668 0.011259259259259259