3 0.21640625 0.7981481481481482 0.13802083333333334 0.39814814814814814
1 0.37135416666666665 0.711574074074074 0.059375 0.14722222222222223
1 0.3953125 0.2833333333333333 0.030208333333333334 0.046296296296296294
1 0.76640625 0.7300925925925926 0.06927083333333334 0.12685185185185185
1 0.6286458333333333 0.15694444444444444 0.017708333333333333 0.030555555555555555
1 0.6236979166666666 0.09675925925925925 0.016145833333333335 0.025
1 0.6213541666666667 0.04583333333333333 0.011458333333333333 0.019444444444444445
1 0.5971354166666667 0.05648148148148148 0.011979166666666667 0.022222222222222223
1 0.6013020833333333 0.03981481481481482 0.0109375 0.022222222222222223
1 0.603125 0.005555555555555556 0.008333333333333333 0.011111111111111112
1 0.6018229166666667 0.020833333333333332 0.0109375 0.017592592592592594
2 0.6141822916666667 0.01474074074074074 0.004927083333333334 0.013546296296296298