3 0.3734375 0.17962962962962964 0.04479166666666667 0.09074074074074075
2 0.3611979166666667 0.6592592592592592 0.0203125 0.08518518518518518
1 0.3888020833333333 0.3611111111111111 0.033854166666666664 0.06296296296296296
1 0.33619791666666665 0.30694444444444446 0.03697916666666667 0.0787037037037037
1 0.6098958333333333 0.3537037037037037 0.034375 0.06296296296296296
1 0.6333333333333333 0.1726851851851852 0.020833333333333332 0.04537037037037037
1 0.4328125 0.15231481481481482 0.019791666666666666 0.032407407407407406
1 0.6541666666666667 0.2875 0.030208333333333334 0.049074074074074076
1 0.43984375 0.08935185185185185 0.016145833333333335 0.023148148148148147
1 0.36171875 0.487962962962963 0.0171875 0.07037037037037037
1 0.625 0.09212962962962963 0.013541666666666667 0.025
1 0.621875 0.05787037037037037 0.011458333333333333 0.021296296296296296
2 0.6182083333333334 0.027916666666666666 0.005671875000000001 0.015509259259259259
1 0.6205729166666667 0.0060185185185185185 0.008854166666666666 0.012037037037037037