2 0.6919270833333333 0.8037037037037037 0.030729166666666665 0.09259259259259259
1 0.36484375 0.8462962962962963 0.06302083333333333 0.16111111111111112
3 0.2731927083333333 0.602287037037037 0.058333333333333334 0.15185185185185185
1 0.628125 0.13425925925925927 0.017708333333333333 0.02962962962962963
1 0.6614583333333334 0.3314814814814815 0.03333333333333333 0.05555555555555555
1 0.39453125 0.16666666666666666 0.022395833333333334 0.02962962962962963
1 0.5966145833333333 0.0763888888888889 0.013020833333333334 0.021296296296296296
1 0.44375 0.13055555555555556 0.016666666666666666 0.027777777777777776
1 0.46041666666666664 0.05787037037037037 0.011458333333333333 0.025
2 0.446875 0.07731481481481481 0.005208333333333333 0.017592592592592594
1 0.465625 0.022222222222222223 0.008333333333333333 0.012962962962962963
1 0.4557291666666667 0.03009259259259259 0.008333333333333333 0.01574074074074074