3 0.89765625 0.18333333333333332 0.021354166666666667 0.046296296296296294
1 0.6736979166666667 0.6712962962962963 0.09010416666666667 0.1388888888888889
1 0.83828125 0.3365740740740741 0.034895833333333334 0.05092592592592592
1 0.8786458333333333 0.28703703703703703 0.022916666666666665 0.040740740740740744
1 0.890625 0.4222222222222222 0.040625 0.08888888888888889
1 0.8515625 0.2518518518518518 0.020833333333333332 0.03518518518518519
1 0.0703125 0.7689814814814815 0.08229166666666667 0.125
1 0.8966145833333333 0.14675925925925926 0.0109375 0.019444444444444445
1 0.7125 0.23148148148148148 0.0375 0.046296296296296294
1 0.8981770833333333 0.21296296296296297 0.0234375 0.03333333333333333
2 0.14973958333333334 0.7976851851851852 0.050520833333333334 0.06759259259259259
2 0.9229166666666667 0.2550925925925926 0.007291666666666667 0.028703703703703703
1 0.90625 0.11157407407407408 0.017708333333333333 0.012037037037037037
2 0.22604166666666667 0.7347222222222223 0.030208333333333334 0.04722222222222222
1 0.91484375 0.16018518518518518 0.0109375 0.018518518518518517
1 0.9234375 0.10601851851851851 0.009375 0.01574074074074074
2 0.7515625 0.23333333333333334 0.011458333333333333 0.025925925925925925
1 0.93125 0.08055555555555556 0.0125 0.018518518518518517
2 0.80390625 0.17731481481481481 0.008854166666666666 0.023148148148148147
2 0.7950520833333333 0.20601851851851852 0.0109375 0.03796296296296296