3 0.85234375 0.6171296296296296 0.08385416666666666 0.21203703703703702
3 0.78515625 0.3787037037037037 0.06614583333333333 0.12407407407407407
3 0.9213541666666667 0.2518518518518518 0.027083333333333334 0.07222222222222222
3 0.9046875 0.1814814814814815 0.016666666666666666 0.04259259259259259
2 0.09348958333333333 0.8722222222222222 0.0359375 0.07592592592592592
2 0.7190104166666667 0.274537037037037 0.011979166666666667 0.021296296296296296
1 0.6255208333333333 0.5518518518518518 0.07604166666666666 0.09444444444444444
1 0.865625 0.337037037037037 0.029166666666666667 0.05
1 0.28515625 0.6194444444444445 0.07552083333333333 0.09074074074074075
1 0.8747395833333333 0.19675925925925927 0.0171875 0.03425925925925926
1 0.011979166666666667 0.8435185185185186 0.022916666666666665 0.05740740740740741
1 0.3184895833333333 0.5449074074074074 0.06302083333333333 0.0712962962962963
1 0.9153645833333334 0.14212962962962963 0.009895833333333333 0.01574074074074074
1 0.8713541666666667 0.16527777777777777 0.010416666666666666 0.01574074074074074
1 0.8924479166666667 0.16342592592592592 0.009895833333333333 0.017592592592592594
1 0.8424479166666666 0.1361111111111111 0.009895833333333333 0.018518518518518517
1 0.91171875 0.16203703703703703 0.008854166666666666 0.018518518518518517
1 0.8875 0.13842592592592592 0.007291666666666667 0.013888888888888888
1 0.8138020833333334 0.1527777777777778 0.013020833333333334 0.016666666666666666
1 0.9190104166666667 0.12453703703703704 0.008854166666666666 0.012037037037037037
3 0.7559543645833333 0.16900962407407408 0.7186186067708333 0.19113452037037038 0.7206928151041667 0.23046766851851852 0.736940784375 0.2292385083333333 0.7666710979166667 0.20035322685185186 0.7559543645833333 0.16900962407407408
2 0.7645989583333334 0.22125 0.008296874999999915 0.023351851851851877
2 0.7811927083333333 0.2058888888888889 0.008296874999999915 0.023351851851851877
3 0.8043525697916666 0.15548885370370372 0.7991670479166667 0.14749930833333333 0.7749679453125 0.1671658824074074 0.7784249598958334 0.19728032407407406 0.7898331083333333 0.19728032407407406 0.8078095765625 0.1800720722222222 0.8043525697916666 0.15548885370370372
1 0.91053125 0.11597222222222223 0.006307291666666733 0.009111111111111101
1 0.9022552083333333 0.11071296296296296 0.007093749999999943 0.011675925925925939
1 0.9103333333333333 0.09425 0.004333333333333419 0.009111111111111115
1 0.9183489583333333 0.09167592592592592 0.005385416666666742 0.0086388888888889
1 0.9141458333333333 0.08911111111111111 0.004333333333333419 0.008175925925925937
3 0.9180208333333333 0.1103611111111111 0.014453125 0.020787037037037027
3 0.9250520833333333 0.09448148148148149 0.005651041666666619 0.014250000000000014
3 0.93240625 0.10721296296296297 0.008015624999999934 0.02008333333333333
3 0.9311614583333333 0.08105555555555556 0.003942708333333419 0.010740740740740735