3 0.8190104166666666 0.4476851851851852 0.0765625 0.18981481481481483
3 0.875 0.2972222222222222 0.04375 0.10185185185185185
3 0.06015625 0.7597222222222222 0.11927083333333334 0.21388888888888888
2 0.22890625 0.75 0.03802083333333333 0.07592592592592592
2 0.490015625 0.4791666666666667 0.028645833333333332 0.05092592592592592
2 0.4708333333333333 0.4199074074074074 0.020833333333333332 0.03796296296296296
2 0.03671875 0.9476851851851852 0.04010416666666667 0.0712962962962963
2 0.71328125 0.5027777777777778 0.021354166666666667 0.05555555555555555
1 0.5765625 0.6337962962962963 0.07916666666666666 0.09722222222222222
1 0.55546875 0.3990740740740741 0.044270833333333336 0.05740740740740741
1 0.11223958333333334 0.9055555555555556 0.09427083333333333 0.13148148148148148
1 0.5169270833333334 0.49444444444444446 0.0671875 0.08518518518518518
1 0.7635416666666667 0.3384259259259259 0.035416666666666666 0.049074074074074076
1 0.921875 0.29583333333333334 0.020833333333333332 0.03981481481481482
3 0.7033854166666667 0.26342592592592595 0.0296875 0.03796296296296296
2 0.35850520833333327 0.6180555555555556 0.034723958333333374 0.06326851851851845
1 0.3494791666666667 0.6087962962962963 0.078125 0.09351851851851851
1 0.6541666666666667 0.3435185185185185 0.042708333333333334 0.053703703703703705
1 0.8494791666666667 0.2587962962962963 0.022916666666666665 0.03611111111111111
1 0.34869791666666666 0.5467592592592593 0.07760416666666667 0.10648148148148148
1 0.04609375 0.8893518518518518 0.08489583333333334 0.13425925925925927
1 0.86640625 0.1726851851851852 0.013020833333333334 0.019444444444444445
1 0.8346354166666666 0.22592592592592592 0.0171875 0.027777777777777776
1 0.7471354166666667 0.25324074074074077 0.019270833333333334 0.032407407407407406
1 0.6333333333333333 0.3194444444444444 0.04479166666666667 0.07037037037037037
1 0.8 0.19537037037037036 0.015625 0.024074074074074074
1 0.04114583333333333 0.475 0.042708333333333334 0.046296296296296294
2 0.8998333333333334 0.15608333333333332 0.003244791666666676 0.007925925925925928
3 0.9006458333333334 0.13877777777777778 0.008921875000000056 0.016583333333333356
1 0.8856770833333333 0.1412037037037037 0.008854166666666666 0.013888888888888888
3 0.7353906250000001 0.2011851851851852 0.03536979166666659 0.06799074074074074
1 0.7635416666666667 0.20694444444444443 0.022916666666666665 0.028703703703703703
1 0.9283854166666666 0.14074074074074075 0.008854166666666666 0.014814814814814815
1 0.565625 0.3263888888888889 0.04583333333333333 0.03425925925925926
1 0.64296875 0.26851851851851855 0.025520833333333333 0.03888888888888889
1 0.9205729166666666 0.12962962962962962 0.008854166666666666 0.014814814814814815
1 0.8244062500000001 0.17049999999999998 0.015411458333333409 0.02955555555555557
1 0.8566458333333333 0.13553703703703704 0.009328124999999925 0.020185185185185195
1 0.8483333333333333 0.14635185185185184 0.006489583333333352 0.010092592592592571
1 0.8392083333333333 0.15680555555555556 0.010947916666666658 0.023787037037037034