3 0.18098958333333334 0.4476851851851852 0.0765625 0.18981481481481483
3 0.125 0.2972222222222222 0.04375 0.10185185185185185
3 0.93984375 0.7597222222222222 0.11927083333333334 0.21388888888888888
2 0.77109375 0.75 0.03802083333333333 0.07592592592592592
2 0.5099843749999999 0.4791666666666667 0.028645833333333332 0.05092592592592592
2 0.5291666666666667 0.4199074074074074 0.020833333333333332 0.03796296296296296
2 0.96328125 0.9476851851851852 0.04010416666666667 0.0712962962962963
2 0.28671875 0.5027777777777778 0.021354166666666667 0.05555555555555555
1 0.4234375 0.6337962962962963 0.07916666666666666 0.09722222222222222
1 0.44453125 0.3990740740740741 0.044270833333333336 0.05740740740740741
1 0.8877604166666667 0.9055555555555556 0.09427083333333333 0.13148148148148148
1 0.4830729166666667 0.49444444444444446 0.0671875 0.08518518518518518
1 0.23645833333333333 0.3384259259259259 0.035416666666666666 0.049074074074074076
1 0.078125 0.29583333333333334 0.020833333333333332 0.03981481481481482
3 0.29661458333333335 0.26342592592592595 0.0296875 0.03796296296296296
2 0.6414947916666667 0.6180555555555556 0.03472395833333333 0.06326851851851852
1 0.6505208333333333 0.6087962962962963 0.078125 0.09351851851851851
1 0.3458333333333333 0.3435185185185185 0.042708333333333334 0.053703703703703705
1 0.15052083333333333 0.2587962962962963 0.022916666666666665 0.03611111111111111
1 0.6513020833333333 0.5467592592592593 0.07760416666666667 0.10648148148148148
1 0.95390625 0.8893518518518518 0.08489583333333334 0.13425925925925927
1 0.13359375 0.1726851851851852 0.013020833333333334 0.019444444444444445
1 0.16536458333333334 0.22592592592592592 0.0171875 0.027777777777777776
1 0.25286458333333334 0.25324074074074077 0.019270833333333334 0.032407407407407406
1 0.36666666666666664 0.3194444444444444 0.04479166666666667 0.07037037037037037
1 0.2 0.19537037037037036 0.015625 0.024074074074074074
1 0.9588541666666667 0.475 0.042708333333333334 0.046296296296296294
2 0.10016666666666667 0.15608333333333332 0.003244791666666667 0.007925925925925927
3 0.09935416666666666 0.13877777777777778 0.008921875 0.016583333333333332
1 0.11432291666666666 0.1412037037037037 0.008854166666666666 0.013888888888888888
3 0.264609375 0.2011851851851852 0.035369791666666664 0.06799074074074074
1 0.23645833333333333 0.20694444444444443 0.022916666666666665 0.028703703703703703
1 0.07161458333333333 0.14074074074074075 0.008854166666666666 0.014814814814814815
1 0.434375 0.3263888888888889 0.04583333333333333 0.03425925925925926
1 0.35703125 0.26851851851851855 0.025520833333333333 0.03888888888888889
1 0.07942708333333333 0.12962962962962962 0.008854166666666666 0.014814814814814815
1 0.17559375 0.17049999999999998 0.015411458333333333 0.029555555555555557
1 0.14335416666666667 0.13553703703703704 0.009328125 0.020185185185185184
1 0.15166666666666667 0.14635185185185184 0.006489583333333334 0.010092592592592592
1 0.1607916666666667 0.15680555555555556 0.010947916666666667 0.023787037037037037