3 0.24713541666666666 0.5995370370370371 0.10260416666666666 0.20462962962962963
3 0.7169270833333333 0.562962962962963 0.0703125 0.1
0 0.13463541666666667 0.3060185185185185 0.049479166666666664 0.1287037037037037
3 0.22161458333333334 0.3921296296296296 0.04739583333333333 0.08611111111111111
2 0.27578125 0.25324074074074077 0.009895833333333333 0.030555555555555555
2 0.52734375 0.8527777777777777 0.05364583333333333 0.08518518518518518
1 0.13645833333333332 0.6546296296296297 0.065625 0.1425925925925926
1 0.6239583333333333 0.8986111111111111 0.13333333333333333 0.16574074074074074
1 0.10338541666666666 0.44212962962962965 0.0359375 0.06574074074074074
1 0.4666666666666667 0.8662037037037037 0.12291666666666666 0.18611111111111112
1 0.5260416666666666 0.41898148148148145 0.05 0.05648148148148148
1 0.25703125 0.4842592592592593 0.0546875 0.07037037037037037
1 0.253125 0.36342592592592593 0.040625 0.049074074074074076
1 0.2635416666666667 0.950925925925926 0.15625 0.09444444444444444
1 0.21067708333333332 0.30416666666666664 0.0296875 0.041666666666666664
1 0.32473958333333336 0.4689814814814815 0.059895833333333336 0.0712962962962963
1 0.08177083333333333 0.2884259259259259 0.020833333333333332 0.03796296296296296
1 0.1890625 0.35 0.03333333333333333 0.04814814814814815
1 0.17395833333333333 0.30925925925925923 0.030208333333333334 0.040740740740740744
1 0.07708333333333334 0.21666666666666667 0.015625 0.03148148148148148
1 0.18333333333333332 0.2564814814814815 0.023958333333333335 0.037037037037037035
1 0.16822916666666668 0.2300925925925926 0.01875 0.026851851851851852
1 0.15677083333333333 0.27361111111111114 0.019791666666666666 0.032407407407407406
1 0.42630208333333336 0.33287037037037037 0.034895833333333334 0.04351851851851852
1 0.14947916666666666 0.19490740740740742 0.013541666666666667 0.023148148148148147
1 0.13385416666666666 0.175 0.011458333333333333 0.016666666666666666
1 0.07916666666666666 0.15648148148148147 0.010416666666666666 0.016666666666666666
1 0.11588541666666667 0.24861111111111112 0.027604166666666666 0.06018518518518518
1 0.9622395833333334 0.4722222222222222 0.0453125 0.05740740740740741
1 0.14010416666666667 0.23935185185185184 0.019791666666666666 0.032407407407407406
3 0.10834895833333333 0.21475925925925926 0.026546875 0.04958333333333333
1 0.13186979166666665 0.21237037037037038 0.0205 0.035240740740740746
1 0.10599479166666666 0.15382407407407406 0.009744791666666667 0.016129629629629633
1 0.11960416666666666 0.1466574074074074 0.012098958333333333 0.017324074074074075
1 0.07474479166666666 0.14187962962962963 0.0070572916666666674 0.01374074074074074
3 0.09772395833333333 0.1420648148148148 0.011630208333333333 0.023342592592592592
1 0.09473958333333334 0.12544444444444444 0.007390625 0.009555555555555555
1 0.10402604166666667 0.12036111111111111 0.005713541666666667 0.008962962962962963
3 0.09303125 0.16808333333333333 0.012380208333333333 0.025342592592592594
3 0.10044270833333332 0.19025925925925924 0.017447916666666667 0.033018518518518516
3 0.11469791666666666 0.17074999999999999 0.018197916666666664 0.032018518518518516
1 0.12848958333333332 0.16090740740740742 0.013130208333333334 0.021675925925925925
1 0.11535416666666666 0.13789814814814816 0.011255208333333332 0.010342592592592592
1 0.10916666666666666 0.1320648148148148 0.008630208333333333 0.010675925925925926
3 0.08496875 0.13106481481481483 0.010505208333333333 0.026675925925925926
1 0.07127083333333334 0.12989814814814815 0.009005208333333332 0.010342592592592592
2 0.16570312499999998 0.15637037037037035 0.005666666666666667 0.01561111111111111
1 0.123734375 0.19685185185185183 0.01146875 0.01911111111111111
3 0.09661979166666666 0.11106481481481481 0.008359375 0.01062037037037037