3 0.14765625 0.6171296296296296 0.08385416666666666 0.21203703703703702
3 0.21484375 0.3787037037037037 0.06614583333333333 0.12407407407407407
3 0.07864583333333333 0.2518518518518518 0.027083333333333334 0.07222222222222222
3 0.0953125 0.1814814814814815 0.016666666666666666 0.04259259259259259
2 0.9065104166666667 0.8722222222222222 0.0359375 0.07592592592592592
2 0.28098958333333335 0.274537037037037 0.011979166666666667 0.021296296296296296
1 0.37447916666666664 0.5518518518518518 0.07604166666666666 0.09444444444444444
1 0.134375 0.337037037037037 0.029166666666666667 0.05
1 0.71484375 0.6194444444444445 0.07552083333333333 0.09074074074074075
1 0.12526041666666668 0.19675925925925927 0.0171875 0.03425925925925926
1 0.9880208333333333 0.8435185185185186 0.022916666666666665 0.05740740740740741
1 0.6815104166666667 0.5449074074074074 0.06302083333333333 0.0712962962962963
1 0.08463541666666667 0.14212962962962963 0.009895833333333333 0.01574074074074074
1 0.12864583333333332 0.16527777777777777 0.010416666666666666 0.01574074074074074
1 0.10755208333333334 0.16342592592592592 0.009895833333333333 0.017592592592592594
1 0.15755208333333334 0.1361111111111111 0.009895833333333333 0.018518518518518517
1 0.08828125 0.16203703703703703 0.008854166666666666 0.018518518518518517
1 0.1125 0.13842592592592592 0.007291666666666667 0.013888888888888888
1 0.18619791666666666 0.1527777777777778 0.013020833333333334 0.016666666666666666
1 0.08098958333333334 0.12453703703703704 0.008854166666666666 0.012037037037037037
3 0.23332890227570588 0.2003532267561995 0.2630592158652866 0.22923850791430184 0.27930718470042376 0.23046766881464661 0.281381393487888 0.19113452000361358 0.24404563531353035 0.1690096237974075
2 0.23540104166666667 0.22125 0.008296875 0.02335185185185185
2 0.21880729166666668 0.2058888888888889 0.008296875 0.02335185185185185
3 0.19219042339229145 0.18007207190051058 0.21016689178494652 0.1972803245053375 0.2215750401160003 0.1972803245053375 0.2250320547617741 0.16716588244689035 0.2008329522413571 0.14749930804137387 0.19564743027269632 0.15548885389361491
1 0.08946875 0.11597222222222223 0.006307291666666667 0.009111111111111111
1 0.09774479166666666 0.11071296296296296 0.007093749999999999 0.011675925925925925
1 0.08966666666666666 0.09425 0.004333333333333333 0.009111111111111111
1 0.08165104166666667 0.09167592592592592 0.005385416666666667 0.008638888888888889
1 0.08585416666666666 0.08911111111111111 0.004333333333333333 0.008175925925925927
3 0.08197916666666667 0.1103611111111111 0.014453125 0.020787037037037038
3 0.07494791666666667 0.09448148148148149 0.005651041666666666 0.01425
3 0.06759375 0.10721296296296297 0.008015625 0.020083333333333335
3 0.06883854166666666 0.08105555555555556 0.003942708333333334 0.01074074074074074