3 0.7528645833333333 0.5995370370370371 0.10260416666666666 0.20462962962962963
3 0.2830729166666667 0.562962962962963 0.0703125 0.1
0 0.8653645833333333 0.3060185185185185 0.049479166666666664 0.1287037037037037
3 0.7783854166666667 0.3921296296296296 0.04739583333333333 0.08611111111111111
2 0.72421875 0.25324074074074077 0.009895833333333333 0.030555555555555555
2 0.47265625 0.8527777777777777 0.05364583333333333 0.08518518518518518
1 0.8635416666666667 0.6546296296296297 0.065625 0.1425925925925926
1 0.37604166666666666 0.8986111111111111 0.13333333333333333 0.16574074074074074
1 0.8966145833333333 0.44212962962962965 0.0359375 0.06574074074074074
1 0.5333333333333333 0.8662037037037037 0.12291666666666666 0.18611111111111112
1 0.4739583333333333 0.41898148148148145 0.05 0.05648148148148148
1 0.74296875 0.4842592592592593 0.0546875 0.07037037037037037
1 0.746875 0.36342592592592593 0.040625 0.049074074074074076
1 0.7364583333333333 0.950925925925926 0.15625 0.09444444444444444
1 0.7893229166666667 0.30416666666666664 0.0296875 0.041666666666666664
1 0.6752604166666667 0.4689814814814815 0.059895833333333336 0.0712962962962963
1 0.9182291666666667 0.2884259259259259 0.020833333333333332 0.03796296296296296
1 0.8109375 0.35 0.03333333333333333 0.04814814814814815
1 0.8260416666666667 0.30925925925925923 0.030208333333333334 0.040740740740740744
1 0.9229166666666667 0.21666666666666667 0.015625 0.03148148148148148
1 0.8166666666666667 0.2564814814814815 0.023958333333333335 0.037037037037037035
1 0.8317708333333333 0.2300925925925926 0.01875 0.026851851851851852
1 0.8432291666666667 0.27361111111111114 0.019791666666666666 0.032407407407407406
1 0.5736979166666667 0.33287037037037037 0.034895833333333334 0.04351851851851852
1 0.8505208333333333 0.19490740740740742 0.013541666666666667 0.023148148148148147
1 0.8661458333333333 0.175 0.011458333333333333 0.016666666666666666
1 0.9208333333333333 0.15648148148148147 0.010416666666666666 0.016666666666666666
1 0.8841145833333334 0.24861111111111112 0.027604166666666666 0.06018518518518518
1 0.037760416666666664 0.4722222222222222 0.0453125 0.05740740740740741
1 0.8598958333333333 0.23935185185185184 0.019791666666666666 0.032407407407407406
3 0.8916510416666666 0.21475925925925926 0.026546874999999897 0.04958333333333332
1 0.8681302083333333 0.21237037037037038 0.020500000000000067 0.035240740740740746
1 0.8940052083333333 0.15382407407407406 0.009744791666666686 0.016129629629629643
1 0.8803958333333334 0.1466574074074074 0.012098958333333344 0.017324074074074054
1 0.9252552083333333 0.14187962962962963 0.007057291666666761 0.013740740740740718
3 0.9022760416666666 0.1420648148148148 0.011630208333333296 0.023342592592592575
1 0.9052604166666666 0.12544444444444444 0.007390625000000028 0.00955555555555555
1 0.8959739583333334 0.12036111111111111 0.005713541666666562 0.00896296296296297
3 0.9069687500000001 0.16808333333333333 0.012380208333333325 0.025342592592592597
3 0.8995572916666668 0.19025925925925924 0.017447916666666667 0.033018518518518544
3 0.8853020833333333 0.17074999999999999 0.018197916666666696 0.0320185185185185
1 0.8715104166666666 0.16090740740740742 0.013130208333333353 0.02167592592592595
1 0.8846458333333334 0.13789814814814816 0.0112552083333334 0.010342592592592608
1 0.8908333333333334 0.1320648148148148 0.008630208333333418 0.010675925925925901
3 0.9150312500000001 0.13106481481481483 0.010505208333333372 0.02667592592592593
1 0.9287291666666667 0.12989814814814815 0.009005208333333315 0.010342592592592608
2 0.8342968749999999 0.15637037037037035 0.0056666666666667235 0.015611111111111124
1 0.876265625 0.19685185185185183 0.011468749999999991 0.0191111111111111
3 0.9033802083333333 0.11106481481481481 0.008359375000000094 0.010620370370370369