3 0.5091145833333334 0.3226851851851852 0.034895833333333334 0.08796296296296297
2 0.5752604166666667 0.3597222222222222 0.013020833333333334 0.03611111111111111
1 0.6403645833333333 0.45 0.04635416666666667 0.06666666666666667
3 0.46927083333333336 0.7675925925925926 0.3215260416666667 0.45555555555555555
1 0.69453125 0.5546296296296296 0.0734375 0.10740740740740741
1 0.90234375 0.5101851851851852 0.06302083333333333 0.0962962962962963
1 0.5518229166666667 0.3537037037037037 0.024479166666666666 0.040740740740740744
1 0.5421875 0.3125 0.01875 0.028703703703703703
1 0.6994791666666667 0.30833333333333335 0.020833333333333332 0.024074074074074074
1 0.8515625 0.5092592592592593 0.05625 0.07777777777777778
1 0.5364583333333334 0.287962962962963 0.013541666666666667 0.022222222222222223
1 0.49635416666666665 0.2625 0.009375 0.017592592592592594
1 0.53046875 0.26296296296296295 0.009895833333333333 0.020370370370370372
1 0.8768229166666667 0.9101851851851852 0.17864583333333334 0.17592592592592593
1 0.6184895833333334 0.2902777777777778 0.0109375 0.017592592592592594
1 0.54296875 0.25277777777777777 0.008854166666666666 0.018518518518518517
1 0.5106770833333333 0.26342592592592595 0.016145833333333335 0.023148148148148147
1 0.6638020833333333 0.3296296296296296 0.0203125 0.03148148148148148
1 0.6997395833333333 0.3421296296296296 0.0234375 0.030555555555555555
1 0.5890625 0.34629629629629627 0.03229166666666667 0.044444444444444446
1 0.6471354166666666 0.2953703703703704 0.018229166666666668 0.02962962962962963