3 0.45807291666666666 0.3439814814814815 0.0265625 0.062037037037037036
3 0.9677083333333333 0.49953703703703706 0.0625 0.1638888888888889
2 0.6135416666666667 0.4212962962962963 0.013541666666666667 0.040740740740740744
1 0.6078125 0.6175925925925926 0.071875 0.12037037037037036
1 0.8736979166666666 0.9138888888888889 0.1515625 0.1685185185185185
1 0.49609375 0.4273148148148148 0.03697916666666667 0.062037037037037036
1 0.6744791666666666 0.5041666666666667 0.057291666666666664 0.0824074074074074
1 0.5625 0.3921296296296296 0.03229166666666667 0.05092592592592592
1 0.57578125 0.3175925925925926 0.0203125 0.03148148148148148
1 0.5072916666666667 0.31712962962962965 0.017708333333333333 0.03796296296296296
3 0.5463541666666667 0.33144444444444443 0.021875 0.04351851851851852
1 0.5395833333333333 0.30694444444444446 0.016666666666666666 0.03425925925925926
1 0.6716145833333333 0.29814814814814816 0.011979166666666667 0.025925925925925925
1 0.6372395833333333 0.3060185185185185 0.0171875 0.021296296296296296
0 0.9046875 0.44583333333333336 0.07291666666666667 0.08611111111111111
1 0.51171875 0.2814814814814815 0.0140625 0.03148148148148148
1 0.5416666666666666 0.2523148148148148 0.007291666666666667 0.01574074074074074
1 0.5296875 0.2652777777777778 0.011458333333333333 0.017592592592592594
1 0.7276041666666667 0.3611111111111111 0.027083333333333334 0.037037037037037035
1 0.765625 0.36157407407407405 0.027083333333333334 0.032407407407407406
1 0.5330729166666667 0.2759259259259259 0.013020833333333334 0.024074074074074074
1 0.5114583333333333 0.2564814814814815 0.008333333333333333 0.016666666666666666
1 0.5296875 0.24444444444444444 0.008333333333333333 0.016666666666666666