3 0.5419270833333333 0.3439814814814815 0.0265625 0.062037037037037036
3 0.03229166666666667 0.49953703703703706 0.0625 0.1638888888888889
2 0.38645833333333335 0.4212962962962963 0.013541666666666667 0.040740740740740744
1 0.3921875 0.6175925925925926 0.071875 0.12037037037037036
1 0.12630208333333334 0.9138888888888889 0.1515625 0.1685185185185185
1 0.50390625 0.4273148148148148 0.03697916666666667 0.062037037037037036
1 0.3255208333333333 0.5041666666666667 0.057291666666666664 0.0824074074074074
1 0.4375 0.3921296296296296 0.03229166666666667 0.05092592592592592
1 0.42421875 0.3175925925925926 0.0203125 0.03148148148148148
1 0.49270833333333336 0.31712962962962965 0.017708333333333333 0.03796296296296296
3 0.45364583333333336 0.33144444444444443 0.021875 0.04351851851851852
1 0.46041666666666664 0.30694444444444446 0.016666666666666666 0.03425925925925926
1 0.32838541666666665 0.29814814814814816 0.011979166666666667 0.025925925925925925
1 0.36276041666666664 0.3060185185185185 0.0171875 0.021296296296296296
0 0.0953125 0.44583333333333336 0.07291666666666667 0.08611111111111111
1 0.48828125 0.2814814814814815 0.0140625 0.03148148148148148
1 0.4583333333333333 0.2523148148148148 0.007291666666666667 0.01574074074074074
1 0.4703125 0.2652777777777778 0.011458333333333333 0.017592592592592594
1 0.27239583333333334 0.3611111111111111 0.027083333333333334 0.037037037037037035
1 0.234375 0.36157407407407405 0.027083333333333334 0.032407407407407406
1 0.4669270833333333 0.2759259259259259 0.013020833333333334 0.024074074074074074
1 0.48854166666666665 0.2564814814814815 0.008333333333333333 0.016666666666666666
1 0.4703125 0.24444444444444444 0.008333333333333333 0.016666666666666666