3 0.4908854166666667 0.3226851851851852 0.034895833333333334 0.08796296296296297
2 0.42473958333333334 0.3597222222222222 0.013020833333333334 0.03611111111111111
1 0.35963541666666665 0.45 0.04635416666666667 0.06666666666666667
3 0.5307291666666667 0.7675925925925926 0.32152604166666665 0.45555555555555555
1 0.30546875 0.5546296296296296 0.0734375 0.10740740740740741
1 0.09765625 0.5101851851851852 0.06302083333333333 0.0962962962962963
1 0.44817708333333334 0.3537037037037037 0.024479166666666666 0.040740740740740744
1 0.4578125 0.3125 0.01875 0.028703703703703703
1 0.30052083333333335 0.30833333333333335 0.020833333333333332 0.024074074074074074
1 0.1484375 0.5092592592592593 0.05625 0.07777777777777778
1 0.4635416666666667 0.287962962962963 0.013541666666666667 0.022222222222222223
1 0.5036458333333333 0.2625 0.009375 0.017592592592592594
1 0.46953125 0.26296296296296295 0.009895833333333333 0.020370370370370372
1 0.12317708333333334 0.9101851851851852 0.17864583333333334 0.17592592592592593
1 0.3815104166666667 0.2902777777777778 0.0109375 0.017592592592592594
1 0.45703125 0.25277777777777777 0.008854166666666666 0.018518518518518517
1 0.48932291666666666 0.26342592592592595 0.016145833333333335 0.023148148148148147
1 0.33619791666666665 0.3296296296296296 0.0203125 0.03148148148148148
1 0.30026041666666664 0.3421296296296296 0.0234375 0.030555555555555555
1 0.4109375 0.34629629629629627 0.03229166666666667 0.044444444444444446
1 0.3528645833333333 0.2953703703703704 0.018229166666666668 0.02962962962962963