1 0.4588541666666667 0.35694444444444445 0.028125 0.04537037037037037
1 0.5096354166666667 0.38333333333333336 0.033854166666666664 0.05925925925925926
1 0.6143229166666667 0.38101851851851853 0.0359375 0.041666666666666664
1 0.5809895833333333 0.32083333333333336 0.0234375 0.028703703703703703
1 0.5375 0.2953703703703704 0.017708333333333333 0.025925925925925925
1 0.51015625 0.2708333333333333 0.011979166666666667 0.019444444444444445
1 0.5638020833333334 0.2912037037037037 0.016145833333333335 0.019444444444444445
1 0.8864583333333333 0.45925925925925926 0.051041666666666666 0.06851851851851852
1 0.6458333333333334 0.31574074074074077 0.021875 0.03518518518518519
2 0.5260416666666666 0.3087962962962963 0.009375 0.026851851851851852
2 0.8359375 0.4425925925925926 0.03333333333333333 0.05
1 0.6760416666666667 0.3458333333333333 0.040625 0.04351851851851852
1 0.53125 0.26851851851851855 0.0125 0.025925925925925925
1 0.63203125 0.274537037037037 0.015104166666666667 0.021296296296296296
1 0.5519583333333333 0.2718518518518519 0.011098958333333332 0.014990740740740742
1 0.547296875 0.25962037037037033 0.009765625 0.01262962962962963
1 0.5062395833333333 0.25093518518518515 0.010208333333333335 0.01262962962962963
1 0.51778125 0.2477777777777778 0.009322916666666665 0.015777777777777776
0 0.5317604166666666 0.2473888888888889 0.009765625 0.01814814814814815
1 0.4989166666666666 0.25883333333333336 0.011541666666666667 0.015777777777777776
1 0.5410833333333334 0.24699074074074073 0.006213541666666667 0.017361111111111112