3 0.5083333333333333 0.36435185185185187 0.026041666666666668 0.06388888888888888
1 0.5643229166666667 0.3990740740740741 0.03802083333333333 0.04814814814814815
1 0.5153645833333333 0.32037037037037036 0.0203125 0.027777777777777776
1 0.50625 0.30324074074074076 0.015625 0.021296296296296296
1 0.48203125 0.2953703703703704 0.016145833333333335 0.024074074074074074
2 0.53515625 0.2800925925925926 0.009895833333333333 0.017592592592592594
1 0.5111979166666667 0.2777777777777778 0.011979166666666667 0.016666666666666666
1 0.490625 0.27314814814814814 0.014583333333333334 0.020370370370370372
0 0.43693229166666664 0.37156481481481485 0.07240625 0.17437037037037037
1 0.5126614583333333 0.26407407407407407 0.011177083333333334 0.013240740740740742
1 0.49787499999999996 0.2617962962962963 0.009078125 0.01613888888888889
1 0.503578125 0.2545555555555556 0.007447916666666667 0.014898148148148148
1 0.5163854166666667 0.2572407407407407 0.006984375 0.013657407407407408
1 0.5244166666666666 0.25289814814814815 0.010010416666666666 0.014074074074074074
1 0.5453697916666667 0.25289814814814815 0.009078125 0.014074074074074074
1 0.53221875 0.24689814814814812 0.008380208333333333 0.012833333333333332
1 0.543390625 0.244 0.006984375 0.013657407407407408
1 0.509515625 0.24689814814814812 0.006750000000000001 0.013657407407407408
1 0.515453125 0.24337962962962964 0.006520833333333333 0.010759259259259258