3 0.496875 0.3912037037037037 0.053125 0.14166666666666666
1 0.7947916666666667 0.39861111111111114 0.046875 0.08611111111111111
2 0.5549479166666667 0.37777777777777777 0.0109375 0.037037037037037035
1 0.48880208333333336 0.6763888888888889 0.0734375 0.13425925925925927
1 0.7109375 0.5796296296296296 0.08229166666666667 0.10925925925925926
1 0.44244791666666666 0.40925925925925927 0.0359375 0.05
1 0.30234375 0.8046296296296296 0.13385416666666666 0.26481481481481484
1 0.9221354166666667 0.600925925925926 0.08177083333333333 0.1111111111111111
1 0.5458333333333333 0.32407407407407407 0.019791666666666666 0.03333333333333333
1 0.5986979166666667 0.3597222222222222 0.027604166666666666 0.041666666666666664
2 0.4696197916666666 0.3063240740740741 0.006942708333333334 0.020064814814814817
1 0.4869791666666667 0.2828703703703704 0.014583333333333334 0.032407407407407406
1 0.7192708333333333 0.38055555555555554 0.034375 0.04814814814814815
1 0.5864583333333333 0.4810185185185185 0.04583333333333333 0.0712962962962963
1 0.6934895833333333 0.3347222222222222 0.0234375 0.03425925925925926
1 0.5328125 0.27824074074074073 0.0125 0.019444444444444445
1 0.62890625 0.30277777777777776 0.016145833333333335 0.018518518518518517
1 0.6645833333333333 0.33194444444444443 0.023958333333333335 0.030555555555555555
1 0.553125 0.2773148148148148 0.011458333333333333 0.017592592592592594
1 0.49270833333333336 0.25925925925925924 0.011458333333333333 0.016666666666666666
1 0.7890625 0.36018518518518516 0.028125 0.04814814814814815
1 0.76015625 0.39814814814814814 0.021354166666666667 0.040740740740740744
1 0.6015625 0.3347222222222222 0.014583333333333334 0.019444444444444445
1 0.6911458333333333 0.300462962962963 0.014583333333333334 0.026851851851851852
1 0.6450520833333333 0.2916666666666667 0.021354166666666667 0.024074074074074074
1 0.5307291666666667 0.2587962962962963 0.009375 0.021296296296296296