0 0.46336979166666664 0.3226851851851852 0.03958333333333333 0.0787037037037037
2 0.51640625 0.4935185185185185 0.016145833333333335 0.053703703703703705
1 0.5932291666666667 0.4013888888888889 0.03854166666666667 0.05277777777777778
1 0.5528645833333333 0.35324074074074074 0.0265625 0.03796296296296296
1 0.42526041666666664 0.9671296296296297 0.1203125 0.06388888888888888
1 0.5401041666666667 0.30185185185185187 0.019791666666666666 0.027777777777777776
1 0.5578125 0.2814814814814815 0.016666666666666666 0.018518518518518517
1 0.5354166666666667 0.2814814814814815 0.013541666666666667 0.018518518518518517
1 0.5135416666666667 0.25925925925925924 0.009375 0.011111111111111112
1 0.5283854166666667 0.26435185185185184 0.0109375 0.023148148148148147
1 0.5473958333333333 0.25925925925925924 0.009375 0.014814814814814815
1 0.5329895833333333 0.24036111111111108 0.008005208333333333 0.010518518518518517
1 0.5430833333333334 0.24469444444444444 0.005218749999999999 0.008046296296296296
1 0.54134375 0.2338703703703704 0.007307291666666666 0.01113888888888889