3 0.5078125 0.5902777777777778 0.08645833333333333 0.19722222222222222
3 0.49192708333333335 0.26666666666666666 0.0171875 0.040740740740740744
3 0.4669270833333333 0.2796296296296296 0.016145833333333335 0.03518518518518519
1 0.5763020833333333 0.47638888888888886 0.0515625 0.08611111111111111
1 0.3221354166666667 0.5310185185185186 0.06302083333333333 0.08425925925925926
1 0.4752604166666667 0.4023148148148148 0.0328125 0.05092592592592592
1 0.38723958333333336 0.3851851851851852 0.0328125 0.044444444444444446
1 0.44479166666666664 0.36898148148148147 0.030208333333333334 0.05277777777777778
1 0.11302083333333333 0.44027777777777777 0.042708333333333334 0.05462962962962963
1 0.42109375 0.3236111111111111 0.0234375 0.03611111111111111
1 0.49583333333333335 0.2912037037037037 0.0125 0.021296296296296296
1 0.33671875 0.31296296296296294 0.018229166666666668 0.022222222222222223
1 0.4708333333333333 0.30416666666666664 0.014583333333333334 0.023148148148148147
1 0.23255208333333333 0.38425925925925924 0.03802083333333333 0.06666666666666667
1 0.4453125 0.27870370370370373 0.0125 0.018518518518518517
1 0.434375 0.2972222222222222 0.013541666666666667 0.022222222222222223
1 0.18385416666666668 0.4046296296296296 0.014583333333333334 0.03518518518518519
1 0.19192708333333333 0.40185185185185185 0.030729166666666665 0.04259259259259259
1 0.3692708333333333 0.30416666666666664 0.011458333333333333 0.023148148148148147
1 0.31953125 0.2972222222222222 0.016145833333333335 0.024074074074074074
1 0.47109375 0.25462962962962965 0.008854166666666666 0.014814814814814815
1 0.45729166666666665 0.2569444444444444 0.008333333333333333 0.013888888888888888
1 0.296875 0.36666666666666664 0.03229166666666667 0.04814814814814815
1 0.12447916666666667 0.43148148148148147 0.019791666666666666 0.037037037037037035