3 0.49166666666666664 0.36435185185185187 0.026041666666666668 0.06388888888888888
1 0.4356770833333333 0.3990740740740741 0.03802083333333333 0.04814814814814815
1 0.48463541666666665 0.32037037037037036 0.0203125 0.027777777777777776
1 0.49375 0.30324074074074076 0.015625 0.021296296296296296
1 0.51796875 0.2953703703703704 0.016145833333333335 0.024074074074074074
2 0.46484375 0.2800925925925926 0.009895833333333333 0.017592592592592594
1 0.48880208333333336 0.2777777777777778 0.011979166666666667 0.016666666666666666
1 0.509375 0.27314814814814814 0.014583333333333334 0.020370370370370372
0 0.5630677083333334 0.37156481481481485 0.07240624999999999 0.17437037037037043
1 0.4873385416666667 0.26407407407407407 0.011177083333333353 0.013240740740740699
1 0.502125 0.2617962962962963 0.009078125000000032 0.01613888888888884
1 0.496421875 0.2545555555555556 0.007447916666666643 0.014898148148148178
1 0.4836145833333333 0.2572407407407407 0.006984375000000043 0.013657407407407408
1 0.47558333333333336 0.25289814814814815 0.010010416666666681 0.014074074074074116
1 0.4546302083333334 0.25289814814814815 0.009078125000000032 0.014074074074074116
1 0.46778125 0.24689814814814812 0.00838020833333329 0.012833333333333346
1 0.45660937500000004 0.244 0.006984375000000043 0.013657407407407408
1 0.49048437500000003 0.24689814814814812 0.006750000000000019 0.013657407407407408
1 0.48454687500000004 0.24337962962962964 0.006520833333333324 0.010759259259259264