3 0.05703125 0.4925925925925926 0.11197916666666667 0.17222222222222222
2 0.51796875 0.37777777777777777 0.008854166666666666 0.025925925925925925
1 0.13098958333333333 0.8736111111111111 0.15260416666666668 0.20277777777777778
1 0.34322916666666664 0.5064814814814815 0.04895833333333333 0.06111111111111111
1 0.4361979166666667 0.4583333333333333 0.0359375 0.05555555555555555
1 0.40651041666666665 0.4148148148148148 0.0296875 0.040740740740740744
1 0.5502604166666667 0.4064814814814815 0.024479166666666666 0.044444444444444446
1 0.46119791666666665 0.39675925925925926 0.022395833333333334 0.03425925925925926
1 0.5119791666666667 0.3449074074074074 0.011458333333333333 0.019444444444444445
1 0.43515625 0.3763888888888889 0.0203125 0.028703703703703703
1 0.4744791666666667 0.36574074074074076 0.017708333333333333 0.025925925925925925
1 0.1734375 0.48009259259259257 0.04791666666666667 0.05462962962962963
1 0.5044270833333333 0.36203703703703705 0.018229166666666668 0.03333333333333333
1 0.446875 0.36435185185185187 0.016666666666666666 0.025
1 0.5432291666666667 0.3680555555555556 0.017708333333333333 0.030555555555555555
1 0.5337447916666667 0.3227407407407407 0.008114583333333295 0.014231481481481486
1 0.47708333333333336 0.33194444444444443 0.0125 0.017592592592592594
1 0.4596354166666667 0.3472222222222222 0.015104166666666667 0.018518518518518517
1 0.14609375 0.4583333333333333 0.021354166666666667 0.027777777777777776
1 0.50703125 0.3162037037037037 0.008854166666666666 0.013888888888888888
1 0.3263020833333333 0.39537037037037037 0.03177083333333333 0.03888888888888889
3 0.5182291666666666 0.31826851851851856 0.014583333333333334 0.037537037037037
1 0.48880208333333336 0.34120370370370373 0.0140625 0.021296296296296296
1 0.5395833333333333 0.3592592592592593 0.015625 0.022222222222222223
1 0.5369218749999999 0.31604629629629627 0.007000000000000029 0.00987037037037034
1 0.494921875 0.3149814814814815 0.006515624999999995 0.014592592592592584
1 0.48707812500000003 0.32312962962962966 0.009171874999999947 0.014592592592592584