3 0.5388020833333333 0.7162037037037037 0.0921875 0.21203703703703702
0 0.39010416666666664 0.5472222222222223 0.11354166666666667 0.25
0 0.44973958333333336 0.36342592592592593 0.030729166666666665 0.075
3 0.48932291666666666 0.35037037037037033 0.024479166666666666 0.05
2 0.5809895833333333 0.4486111111111111 0.0140625 0.041666666666666664
1 0.73359375 0.6597222222222222 0.0890625 0.11018518518518519
1 0.95859375 0.6194444444444445 0.07447916666666667 0.09074074074074075
1 0.56015625 0.36712962962962964 0.021354166666666667 0.032407407407407406
1 0.9135416666666667 0.4828703703703704 0.06770833333333333 0.06944444444444445
1 0.5192708333333333 0.3541666666666667 0.015625 0.025
1 0.5393229166666667 0.3472222222222222 0.0140625 0.018518518518518517
1 0.5234375 0.3296296296296296 0.011458333333333333 0.018518518518518517
1 0.9822916666666667 0.48055555555555557 0.034375 0.06296296296296296
1 0.9848958333333333 0.5462962962962963 0.029166666666666667 0.08518518518518518
1 0.8291666666666667 0.462037037037037 0.04895833333333333 0.027777777777777776
1 0.9338541666666667 0.48564814814814816 0.027083333333333334 0.058333333333333334
1 0.9442708333333333 0.5560185185185185 0.07083333333333333 0.07314814814814814
1 0.96015625 0.5611111111111111 0.03802083333333333 0.06296296296296296
3 0.4815520833333334 0.31110185185185185 0.013010416666666667 0.028351851851851854
1 0.5159635416666667 0.32266666666666666 0.008812500000000001 0.01566666666666667
1 0.50634375 0.31552777777777774 0.0060260416666666665 0.008037037037037037
1 0.4642916666666667 0.3095 0.006776041666666666 0.010268518518518519
3 0.4900260416666667 0.30927777777777776 0.009541666666666667 0.01785185185185185