0 0.49505208333333334 0.41759259259259257 0.04739583333333333 0.11851851851851852
3 0.4859375 0.6092592592592593 0.08854166666666667 0.21481481481481482
3 0.5408854166666667 0.34814814814814815 0.0234375 0.05740740740740741
2 0.5307291666666667 0.4300925925925926 0.010416666666666666 0.03425925925925926
1 0.103125 0.9009259259259259 0.13020833333333334 0.16296296296296298
1 0.3229166666666667 0.5300925925925926 0.06041666666666667 0.08611111111111111
1 0.3927083333333333 0.4583333333333333 0.035416666666666666 0.05185185185185185
1 0.0328125 0.5768518518518518 0.06354166666666666 0.08518518518518518
1 0.4622395833333333 0.38425925925925924 0.0203125 0.03148148148148148
1 0.4078125 0.41064814814814815 0.028125 0.03611111111111111
1 0.45286458333333335 0.3523148148148148 0.0140625 0.023148148148148147
1 0.5408854166666667 0.40694444444444444 0.0265625 0.03981481481481482
1 0.012760416666666666 0.5518518518518518 0.024479166666666666 0.05
1 0.5401041666666667 0.3819444444444444 0.019791666666666666 0.032407407407407406
1 0.36171875 0.3523148148148148 0.013020833333333334 0.017592592592592594
1 0.33697916666666666 0.3712962962962963 0.016666666666666666 0.025925925925925925
1 0.47578125 0.32731481481481484 0.011979166666666667 0.01574074074074074
1 0.32057291666666665 0.39675925925925926 0.0296875 0.030555555555555555
1 0.315625 0.3712962962962963 0.015625 0.024074074074074074
1 0.48515625 0.3388888888888889 0.0067708333333333336 0.020370370370370372
3 0.49935416666666665 0.34625925925925927 0.030104166666666644 0.05242592592592593
3 0.51271875 0.32160185185185186 0.026093749999999954 0.039518518518518474