1 0.46171875 0.39861111111111114 0.0265625 0.03611111111111111
1 0.3333333333333333 0.5263888888888889 0.057291666666666664 0.06944444444444445
1 0.41171875 0.41064814814814815 0.03177083333333333 0.03981481481481482
1 0.4401041666666667 0.3675925925925926 0.022916666666666665 0.024074074074074074
1 0.525 0.3425925925925926 0.015625 0.020370370370370372
2 0.48802083333333335 0.35833333333333334 0.007291666666666667 0.024074074074074074
1 0.46484375 0.3439814814814815 0.016145833333333335 0.019444444444444445
1 0.4984375 0.33287037037037037 0.011458333333333333 0.021296296296296296
1 0.47760416666666666 0.33194444444444443 0.0125 0.01574074074074074
1 0.5208333333333334 0.3189814814814815 0.0125 0.017592592592592594
1 0.503125 0.3087962962962963 0.008333333333333333 0.010185185185185186