3 0.30859375 0.3787037037037037 0.0390625 0.09074074074074075
0 0.25625 0.7291666666666666 0.14375 0.5398148148148149
3 0.8 0.6467592592592593 0.221875 0.2564814814814815
2 0.71640625 0.6365740740740741 0.025520833333333333 0.04537037037037037
1 0.646875 0.6134259259259259 0.06666666666666667 0.08055555555555556
1 0.4036458333333333 0.49907407407407406 0.04375 0.07777777777777778
1 0.33229166666666665 0.3560185185185185 0.020833333333333332 0.03796296296296296
1 0.2908854166666667 0.3087962962962963 0.016145833333333335 0.028703703703703703
1 0.33515625 0.2796296296296296 0.0140625 0.022222222222222223
1 0.30364583333333334 0.2537037037037037 0.011458333333333333 0.020370370370370372
3 0.28619791666666666 0.26944444444444443 0.019270833333333334 0.037037037037037035
3 0.2828125 0.24305555555555555 0.013541666666666667 0.025
1 0.28958333333333336 0.20925925925925926 0.010416666666666666 0.022222222222222223
1 0.27291666666666664 0.2162037037037037 0.009375 0.017592592592592594
1 0.31484375 0.2412037037037037 0.008854166666666666 0.01574074074074074
1 0.30625 0.225 0.008333333333333333 0.012962962962962963
1 0.28359375 0.18703703703703703 0.0067708333333333336 0.012962962962962963
1 0.29713541666666665 0.20462962962962963 0.0078125 0.014814814814814815
0 0.2599375 0.24119444444444446 0.022359375000000004 0.051222222222222245