3 0.6041666666666666 0.763425925925926 0.11770833333333333 0.33796296296296297
3 0.12760416666666666 0.7166666666666667 0.09583333333333334 0.17407407407407408
3 0.6924479166666667 0.3597222222222222 0.04010416666666667 0.10277777777777777
2 0.24869791666666666 0.5791666666666667 0.021354166666666667 0.04722222222222222
1 0.6130208333333333 0.4930555555555556 0.041666666666666664 0.0712962962962963
1 0.3765625 0.9560185185185185 0.1 0.08425925925925926
1 0.5236979166666667 0.5291666666666667 0.0546875 0.09166666666666666
1 0.2421875 0.7425925925925926 0.10208333333333333 0.11851851851851852
1 0.6466145833333333 0.3125 0.019270833333333334 0.032407407407407406
1 0.6697916666666667 0.3277777777777778 0.015625 0.03148148148148148
1 0.6833333333333333 0.24814814814814815 0.011458333333333333 0.016666666666666666
1 0.7015625 0.3013888888888889 0.015625 0.021296296296296296
1 0.7046875 0.23287037037037037 0.009375 0.01574074074074074
3 0.7192500000000001 0.2629444444444445 0.018052083333333333 0.03601851851851852
3 0.71759375 0.2370740740740741 0.014 0.034055555555555554
1 0.7307291666666667 0.2361111111111111 0.0125 0.020370370370370372
1 0.6908854166666667 0.2337962962962963 0.009895833333333333 0.017592592592592594
3 0.7102239583333334 0.2786666666666667 0.016947916666666667 0.04256481481481481
1 0.6980677083333333 0.22398148148148148 0.007369791666666667 0.011787037037037037
1 0.6996770833333333 0.2148611111111111 0.007911458333333333 0.007194444444444444
1 0.7139322916666667 0.20014814814814816 0.006625000000000001 0.010462962962962964
3 0.7235937499999999 0.21813888888888888 0.010484374999999999 0.021583333333333333
1 0.72203125 0.20292592592592593 0.0073593750000000005 0.008175925925925927
1 0.7030833333333334 0.208 0.005885416666666667 0.008499999999999999
1 0.7053802083333333 0.19933333333333333 0.006807291666666667 0.008175925925925927
1 0.737390625 0.22091666666666668 0.007171874999999999 0.012101851851851851
1 0.7367447916666666 0.21453703703703703 0.0073593750000000005 0.009814814814814814
3 0.7376666666666666 0.19835185185185186 0.009197916666666667 0.016675925925925927
3 0.7270885416666667 0.182 0.006807291666666667 0.012101851851851851
1 0.7083229166666667 0.1898425925925926 0.0064375 0.010138888888888888
1 0.7169687499999999 0.1898425925925926 0.005333333333333333 0.009481481481481481