1 0.5705729166666667 0.5074074074074074 0.034895833333333334 0.053703703703703705
1 0.38333333333333336 0.47175925925925927 0.051041666666666666 0.0712962962962963
1 0.35078125 0.31296296296296294 0.03177083333333333 0.040740740740740744
1 0.8471354166666667 0.6550925925925926 0.049479166666666664 0.062037037037037036
1 0.9420989583333333 0.769287037037037 0.0647552083333333 0.08919444444444438
2 0.2799479166666667 0.28858333333333336 0.01128645833333337 0.024694444444444408
1 0.27734375 0.2523148148148148 0.018229166666666668 0.030555555555555555
1 0.3002239583333334 0.21525925925925926 0.010734374999999947 0.021648148148148146
3 0.8885416666666667 0.7597222222222222 0.07916666666666666 0.1398148148148148
1 0.26649479166666673 0.2199074074074074 0.017359374999999993 0.023148148148148147
1 0.28800000000000003 0.21521296296296297 0.012182291666666718 0.012574074074074059
2 0.27188541666666666 0.20333333333333334 0.006682291666666629 0.006990740740740751
1 0.25950520833333335 0.20333333333333334 0.01179166666666666 0.00978703703703703
1 0.2840677083333334 0.1970462962962963 0.01139583333333339 0.015370370370370392
2 0.27384895833333334 0.1925 0.006682291666666629 0.010481481481481475
1 0.25478645833333335 0.19215740740740742 0.008645833333333346 0.013972222222222198
1 0.2783697916666667 0.17817592592592593 0.007859374999999957 0.012574074074074059
1 0.2710989583333333 0.18027777777777776 0.009828124999999972 0.011175925925925919
1 0.26952604166666666 0.16000925925925927 0.014541666666666675 0.023759259259259282