3 0.3958333333333333 0.763425925925926 0.11770833333333333 0.33796296296296297
3 0.8723958333333334 0.7166666666666667 0.09583333333333334 0.17407407407407408
3 0.30755208333333334 0.3597222222222222 0.04010416666666667 0.10277777777777777
2 0.7513020833333334 0.5791666666666667 0.021354166666666667 0.04722222222222222
1 0.38697916666666665 0.4930555555555556 0.041666666666666664 0.0712962962962963
1 0.6234375 0.9560185185185185 0.1 0.08425925925925926
1 0.47630208333333335 0.5291666666666667 0.0546875 0.09166666666666666
1 0.7578125 0.7425925925925926 0.10208333333333333 0.11851851851851852
1 0.3533854166666667 0.3125 0.019270833333333334 0.032407407407407406
1 0.3302083333333333 0.3277777777777778 0.015625 0.03148148148148148
1 0.31666666666666665 0.24814814814814815 0.011458333333333333 0.016666666666666666
1 0.2984375 0.3013888888888889 0.015625 0.021296296296296296
1 0.2953125 0.23287037037037037 0.009375 0.01574074074074074
3 0.28075 0.2629444444444445 0.018052083333333375 0.0360185185185185
3 0.28240625 0.2370740740740741 0.014000000000000058 0.03405555555555553
1 0.26927083333333335 0.2361111111111111 0.0125 0.020370370370370372
1 0.30911458333333336 0.2337962962962963 0.009895833333333333 0.017592592592592594
3 0.2897760416666666 0.2786666666666667 0.01694791666666665 0.04256481481481484
1 0.3019322916666667 0.22398148148148148 0.007369791666666714 0.011787037037037054
1 0.3003229166666666 0.2148611111111111 0.007911458333333362 0.007194444444444428
1 0.28606770833333334 0.20014814814814816 0.0066250000000000146 0.010462962962962974
3 0.27640625 0.21813888888888888 0.010484375000000056 0.021583333333333336
1 0.27796875000000004 0.20292592592592593 0.007359375000000057 0.008175925925925911
1 0.2969166666666666 0.208 0.005885416666666643 0.008500000000000006
1 0.2946197916666667 0.19933333333333333 0.006807291666666633 0.008175925925925911
1 0.26260937500000003 0.22091666666666668 0.007171874999999991 0.012101851851851846
1 0.2632552083333334 0.21453703703703703 0.007359375000000027 0.009814814814814835
3 0.26233333333333336 0.19835185185185186 0.009197916666666679 0.016675925925925917
3 0.27291145833333336 0.182 0.006807291666666633 0.012101851851851846
1 0.2916770833333333 0.1898425925925926 0.006437499999999948 0.010138888888888878
1 0.28303125 0.1898425925925926 0.005333333333333338 0.00948148148148149