2 0.5942708333333333 0.43194444444444446 0.014583333333333334 0.03796296296296296
1 0.6854166666666667 0.4337962962962963 0.035416666666666666 0.062037037037037036
1 0.6552083333333333 0.3763888888888889 0.029166666666666667 0.05277777777777778
1 0.08072916666666667 0.7611111111111111 0.06770833333333333 0.08148148148148149
1 0.7143229166666667 0.26805555555555555 0.0140625 0.025
1 0.6921875 0.2657407407407407 0.011458333333333333 0.022222222222222223
1 0.7044270833333334 0.23657407407407408 0.0109375 0.01574074074074074
1 0.72265625 0.21203703703703702 0.0078125 0.016666666666666666
1 0.51796875 0.4083333333333333 0.024479166666666666 0.040740740740740744
1 0.6903645833333333 0.2324074074074074 0.0078125 0.016666666666666666
1 0.7041666666666667 0.2125 0.007291666666666667 0.01574074074074074
1 0.7098958333333333 0.18703703703703703 0.00625 0.016666666666666666
1 0.7393229166666667 0.2023148148148148 0.009895833333333333 0.01574074074074074
3 0.24479166666666666 0.587037037037037 0.040625 0.06296296296296296
1 0.7192708333333333 0.24351851851851852 0.010416666666666666 0.014814814814814815
1 0.7260416666666667 0.2263888888888889 0.009375 0.01574074074074074
1 0.6973958333333333 0.2199074074074074 0.00625 0.013888888888888888