1 0.42942708333333335 0.5074074074074074 0.034895833333333334 0.053703703703703705
1 0.6166666666666667 0.47175925925925927 0.051041666666666666 0.0712962962962963
1 0.64921875 0.31296296296296294 0.03177083333333333 0.040740740740740744
1 0.15286458333333333 0.6550925925925926 0.049479166666666664 0.062037037037037036
1 0.05790104166666667 0.769287037037037 0.06475520833333333 0.08919444444444444
2 0.7200520833333334 0.28858333333333336 0.011286458333333334 0.024694444444444446
1 0.72265625 0.2523148148148148 0.018229166666666668 0.030555555555555555
1 0.6997760416666666 0.21525925925925926 0.010734374999999999 0.021648148148148146
3 0.11145833333333334 0.7597222222222222 0.07916666666666666 0.1398148148148148
1 0.7335052083333333 0.2199074074074074 0.017359375 0.023148148148148147
1 0.712 0.21521296296296297 0.012182291666666668 0.012574074074074074
2 0.7281145833333333 0.20333333333333334 0.006682291666666667 0.006990740740740741
1 0.7404947916666667 0.20333333333333334 0.011791666666666667 0.009787037037037037
1 0.7159322916666666 0.1970462962962963 0.011395833333333332 0.015370370370370371
2 0.7261510416666667 0.1925 0.006682291666666667 0.010481481481481482
1 0.7452135416666666 0.19215740740740742 0.008645833333333333 0.013972222222222223
1 0.7216302083333334 0.17817592592592593 0.007859375 0.012574074074074074
1 0.7289010416666667 0.18027777777777776 0.009828125 0.011175925925925926
1 0.7304739583333333 0.16000925925925927 0.014541666666666668 0.023759259259259258