3 0.5763020833333333 0.7680555555555556 0.08489583333333334 0.20277777777777778
3 0.49244791666666665 0.5699074074074074 0.0640625 0.15092592592592594
3 0.5125 0.2865740740740741 0.042708333333333334 0.09907407407407408
3 0.5299479166666666 0.22037037037037038 0.0390625 0.0962962962962963
3 0.29385937500000003 0.20328703703703704 0.03980208333333337 0.07491666666666663
1 0.18541666666666667 0.774074074074074 0.09791666666666667 0.13703703703703704
1 0.3802083333333333 0.3458333333333333 0.03958333333333333 0.06388888888888888
1 0.39765625 0.47962962962962963 0.05364583333333333 0.07777777777777778
1 0.5760416666666667 0.3402777777777778 0.03333333333333333 0.058333333333333334
1 0.225 0.31157407407407406 0.03854166666666667 0.06018518518518518
1 0.475 0.1787037037037037 0.016666666666666666 0.024074074074074074
1 0.4895833333333333 0.2212962962962963 0.022916666666666665 0.03333333333333333
1 0.45078125 0.2162037037037037 0.021354166666666667 0.030555555555555555
1 0.4283854166666667 0.24861111111111112 0.0265625 0.03981481481481482
1 0.5669270833333333 0.17222222222222222 0.015104166666666667 0.024074074074074074
1 0.5721354166666667 0.1449074074074074 0.013020833333333334 0.021296296296296296
1 0.515625 0.16574074074074074 0.014583333333333334 0.025925925925925925
1 0.5002604166666667 0.14675925925925926 0.0140625 0.021296296296296296
1 0.53515625 0.1310185185185185 0.011979166666666667 0.017592592592592594
1 0.5473958333333333 0.15462962962962962 0.014583333333333334 0.027777777777777776
1 0.51875 0.12546296296296297 0.0125 0.021296296296296296
1 0.4361979166666667 0.23194444444444445 0.0109375 0.023148148148148147
1 0.5239583333333333 0.14675925925925926 0.013541666666666667 0.019444444444444445
0 0.18098958333333334 0.26805555555555555 0.08697916666666666 0.1361111111111111
3 0.5546770833333333 0.12653703703703703 0.021239583333333437 0.03952777777777777
3 0.56828125 0.1106111111111111 0.01725520833333339 0.03126851851851853
3 0.5550052083333334 0.09999074074074074 0.009291666666666743 0.015925925925925916
3 0.5448854166666666 0.10147222222222223 0.010286458333333333 0.0141574074074074