3 0.49661458333333336 0.5162037037037037 0.07135416666666666 0.18425925925925926
3 0.48411458333333335 0.34444444444444444 0.06302083333333333 0.2
0 0.42473958333333334 0.1986111111111111 0.0296875 0.06574074074074074
3 0.496875 0.20277777777777778 0.019791666666666666 0.05
3 0.44505208333333335 0.11481481481481481 0.009895833333333333 0.024074074074074074
2 0.5591145833333333 0.24722222222222223 0.008854166666666666 0.025925925925925925
1 0.4322916666666667 0.7907407407407407 0.07708333333333334 0.1388888888888889
1 0.6729166666666667 0.7509259259259259 0.08645833333333333 0.16111111111111112
1 0.6026041666666667 0.3337962962962963 0.036458333333333336 0.05462962962962963
1 0.7302083333333333 0.24675925925925926 0.029166666666666667 0.041666666666666664
1 0.66796875 0.25555555555555554 0.027604166666666666 0.040740740740740744
1 0.7744791666666667 0.3212962962962963 0.0375 0.04814814814814815
1 0.5091145833333334 0.2273148148148148 0.0234375 0.03796296296296296
1 0.5325520833333334 0.19722222222222222 0.019270833333333334 0.02962962962962963
1 0.6518229166666667 0.20787037037037037 0.021354166666666667 0.032407407407407406
3 0.46510416666666665 0.2101851851851852 0.026041666666666668 0.04814814814814815
1 0.6234375 0.18796296296296297 0.016666666666666666 0.025925925925925925
1 0.6057291666666667 0.19722222222222222 0.016666666666666666 0.027777777777777776
1 0.45416666666666666 0.12916666666666668 0.0125 0.021296296296296296
3 0.47734375 0.1537037037037037 0.016145833333333335 0.02962962962962963
1 0.47369791666666666 0.18333333333333332 0.0171875 0.027777777777777776
3 0.42836979166666667 0.09475925925925927 0.015505208333333333 0.024120370370370372
2 0.48334375 0.13649999999999998 0.007479166666666666 0.02112037037037037