3 0.7578125 0.2449074074074074 0.04375 0.08055555555555556
3 0.46588541666666666 0.21805555555555556 0.0359375 0.08055555555555556
3 0.6455729166666667 0.16064814814814815 0.04010416666666667 0.06759259259259259
1 0.84765625 0.8819444444444444 0.12552083333333333 0.19537037037037036
1 0.6421875 0.3976851851851852 0.046875 0.06388888888888888
1 0.4192708333333333 0.45740740740740743 0.04479166666666667 0.07222222222222222
1 0.7091145833333333 0.538425925925926 0.06614583333333333 0.08796296296296297
1 0.49296875 0.3976851851851852 0.04635416666666667 0.10092592592592593
1 0.72109375 0.30694444444444446 0.0359375 0.04722222222222222
1 0.63515625 0.6175925925925926 0.07552083333333333 0.1537037037037037
1 0.5815104166666667 0.44351851851851853 0.049479166666666664 0.07407407407407407
1 0.5294270833333333 0.28425925925925927 0.030729166666666665 0.044444444444444446
1 0.59375 0.30185185185185187 0.03958333333333333 0.05185185185185185
1 0.4234375 0.32731481481481484 0.030208333333333334 0.05462962962962963
1 0.7075520833333333 0.25462962962962965 0.028645833333333332 0.03888888888888889
1 0.6432291666666666 0.22037037037037038 0.021875 0.03518518518518519
1 0.5145833333333333 0.2361111111111111 0.025 0.040740740740740744
1 0.6161458333333333 0.20092592592592592 0.019791666666666666 0.03333333333333333
1 0.575 0.2671296296296296 0.03125 0.041666666666666664
1 0.6994791666666667 0.22592592592592592 0.023958333333333335 0.03148148148148148
1 0.5643229166666667 0.22870370370370371 0.024479166666666666 0.040740740740740744
1 0.6104166666666667 0.1597222222222222 0.013541666666666667 0.021296296296296296
1 0.50234375 0.2013888888888889 0.018229166666666668 0.032407407407407406
1 0.42682291666666666 0.25787037037037036 0.025520833333333333 0.04722222222222222
1 0.4861979166666667 0.17824074074074073 0.018229166666666668 0.025
1 0.5447916666666667 0.20694444444444443 0.01875 0.028703703703703703
1 0.4518229166666667 0.1476851851851852 0.016145833333333335 0.030555555555555555
1 0.53046875 0.18703703703703703 0.0171875 0.025925925925925925
1 0.42604166666666665 0.14351851851851852 0.013541666666666667 0.025925925925925925
1 0.43203125 0.1699074074074074 0.015104166666666667 0.025
1 0.5049479166666667 0.14814814814814814 0.011979166666666667 0.022222222222222223
1 0.49296875 0.1587962962962963 0.015104166666666667 0.025
1 0.4903645833333333 0.1361111111111111 0.015104166666666667 0.018518518518518517
1 0.42239583333333336 0.29814814814814816 0.022916666666666665 0.027777777777777776
0 0.43931770833333333 0.12048148148148148 0.02109375 0.04781481481481482
1 0.45625 0.12361111111111112 0.011458333333333333 0.017592592592592594
1 0.45416666666666666 0.10231481481481482 0.009375 0.013888888888888888
1 0.46822916666666664 0.1162037037037037 0.010416666666666666 0.013888888888888888
1 0.4166666666666667 0.12314814814814815 0.00625 0.018518518518518517