3 0.47708333333333336 0.7361111111111112 0.08333333333333333 0.19074074074074074
3 0.52265625 0.24722222222222223 0.044270833333333336 0.14074074074074075
3 0.1546875 0.32175925925925924 0.04375 0.049074074074074076
2 0.4083333333333333 0.46296296296296297 0.017708333333333333 0.05
2 0.20260416666666667 0.3351851851851852 0.0125 0.037037037037037035
2 0.23958333333333334 0.8300925925925926 0.03229166666666667 0.10462962962962963
1 0.4166666666666667 0.29305555555555557 0.03125 0.04537037037037037
1 0.25833333333333336 0.33796296296296297 0.040625 0.05555555555555555
1 0.196875 0.4115740740740741 0.040625 0.06018518518518518
1 0.3380208333333333 0.2490740740740741 0.028125 0.03888888888888889
1 0.39505208333333336 0.1912037037037037 0.015104166666666667 0.026851851851851852
1 0.2984375 0.24259259259259258 0.027083333333333334 0.03518518518518519
1 0.478125 0.1787037037037037 0.016666666666666666 0.025925925925925925
1 0.4596354166666667 0.2050925925925926 0.018229166666666668 0.028703703703703703
1 0.57109375 0.15787037037037038 0.016145833333333335 0.023148148148148147
1 0.36276041666666664 0.21944444444444444 0.021354166666666667 0.03333333333333333
1 0.32005208333333335 0.20462962962962963 0.0203125 0.03518518518518519
1 0.5830729166666667 0.1259259259259259 0.009895833333333333 0.024074074074074074
1 0.5083333333333333 0.1425925925925926 0.0125 0.027777777777777776
1 0.52578125 0.1412037037037037 0.0140625 0.026851851851851852
1 0.553125 0.13842592592592592 0.0125 0.026851851851851852
1 0.5432291666666667 0.10185185185185185 0.010416666666666666 0.022222222222222223
1 0.525 0.1162037037037037 0.011458333333333333 0.01574074074074074
1 0.34115625 0.20643518518518517 0.023411458333333357 0.043120370370370364
3 0.5704791666666668 0.10896296296296297 0.018364583333333448 0.0379351851851852
1 0.5558958333333334 0.11053703703703703 0.011104166666666752 0.020527777777777794
2 0.5444583333333334 0.1263240740740741 0.004218749999999953 0.012629629629629617
3 0.5376822916666666 0.16896296296296295 0.026645833333333317 0.06158333333333332
2 0.5360208333333333 0.1304722222222222 0.005994791666666721 0.009870370370370394
2 0.5007135416666667 0.19541666666666668 0.005994791666666662 0.025268518518518537
2 0.24789583333333334 0.30536111111111114 0.014213541666666647 0.039870370370370424