3 0.55234375 0.44166666666666665 0.06197916666666667 0.16111111111111112
3 0.38125 0.4634259259259259 0.09375 0.18055555555555555
3 0.5114583333333333 0.9050925925925926 0.17395833333333333 0.18611111111111112
3 0.52578125 0.2449074074074074 0.0234375 0.049074074074074076
3 0.1671875 0.7777777777777778 0.334375 0.4444444444444444
2 0.55234375 0.31296296296296294 0.008854166666666666 0.027777777777777776
1 0.40520833333333334 0.6305555555555555 0.071875 0.12962962962962962
1 0.47291666666666665 0.33611111111111114 0.027083333333333334 0.03888888888888889
1 0.5989583333333334 0.26944444444444443 0.019791666666666666 0.03333333333333333
1 0.446875 0.39305555555555555 0.034375 0.05648148148148148
1 0.5096354166666667 0.29814814814814816 0.0234375 0.03333333333333333
1 0.5552083333333333 0.25972222222222224 0.026041666666666668 0.041666666666666664
1 0.57734375 0.21944444444444444 0.011979166666666667 0.020370370370370372
1 0.5541666666666667 0.22314814814814815 0.017708333333333333 0.03333333333333333
2 0.482765625 0.2688055555555556 0.009552083333333333 0.026407407407407407
1 0.49947916666666664 0.25416666666666665 0.014583333333333334 0.025
1 0.5138020833333333 0.20833333333333334 0.0109375 0.024074074074074074
1 0.5486979166666667 0.18888888888888888 0.008854166666666666 0.014814814814814815
1 0.56953125 0.20324074074074075 0.0109375 0.017592592592592594
1 0.5307291666666667 0.21481481481481482 0.011458333333333333 0.016666666666666666
1 0.53125 0.18472222222222223 0.010416666666666666 0.017592592592592594
1 0.5026041666666666 0.2361111111111111 0.013541666666666667 0.024074074074074074
1 0.5171875 0.18981481481481483 0.0125 0.016666666666666666
1 0.5606770833333333 0.18055555555555555 0.0067708333333333336 0.011111111111111112
2 0.5333749999999999 0.19193518518518518 0.006932291666666667 0.012324074074074074
1 0.5475 0.17869444444444446 0.0095 0.0105
2 0.548140625 0.16682407407407407 0.004109375 0.005935185185185186
0 0.5150208333333334 0.17710185185185187 0.014890625 0.022824074074074073