3 0.44921875 0.5532407407407407 0.07447916666666667 0.2064814814814815
2 0.40859375 0.3814814814814815 0.011979166666666667 0.03518518518518519
2 0.4505208333333333 0.34305555555555556 0.010416666666666666 0.028703703703703703
2 0.33515625 0.7680555555555556 0.03177083333333333 0.08796296296296297
2 0.4354166666666667 0.25972222222222224 0.007291666666666667 0.025
1 0.8278645833333333 0.9444444444444444 0.13489583333333333 0.10740740740740741
1 0.12708333333333333 0.6148148148148148 0.08229166666666667 0.12407407407407407
1 0.6125 0.5310185185185186 0.06041666666666667 0.08981481481481482
1 0.5645833333333333 0.4046296296296296 0.036458333333333336 0.05185185185185185
1 0.5270833333333333 0.4842592592592593 0.04479166666666667 0.07222222222222222
1 0.5533854166666666 0.35648148148148145 0.03177083333333333 0.04814814814814815
1 0.5213541666666667 0.3060185185185185 0.026041666666666668 0.03796296296296296
1 0.41015625 0.25601851851851853 0.0171875 0.025
1 0.4861979166666667 0.3074074074074074 0.0234375 0.03333333333333333
1 0.5419270833333333 0.2865740740740741 0.019270833333333334 0.026851851851851852
1 0.51015625 0.26435185185185184 0.018229166666666668 0.028703703703703703
1 0.42473958333333334 0.21666666666666667 0.013020833333333334 0.020370370370370372
1 0.45078125 0.20185185185185187 0.013020833333333334 0.027777777777777776
1 0.4747395833333333 0.2611111111111111 0.0171875 0.025925925925925925
1 0.46640625 0.19305555555555556 0.013020833333333334 0.025
1 0.434125 0.19012962962962962 0.009375 0.014814814814814815
1 0.48465104166666667 0.21192592592592593 0.008786458333333276 0.014870370370370372
1 0.4973958333333333 0.2263888888888889 0.0125 0.021296296296296296
2 0.48204166666666665 0.2775925925925926 0.009963541666666723 0.025861111111111064
2 0.4281302083333333 0.2496111111111111 0.009765625 0.025157407407407396
2 0.437 0.2202037037037037 0.005979166666666676 0.020194444444444445
1 0.49699479166666666 0.2455648148148148 0.016223958333333382 0.01698148148148151
1 0.48963020833333337 0.20425925925925925 0.008859374999999996 0.012564814814814808
1 0.48176562500000003 0.19637962962962963 0.009453125000000047 0.014509259259259274
1 0.4778854166666667 0.18355555555555556 0.007265625000000024 0.009731481481481473
1 0.48654166666666665 0.18037037037037038 0.0070677083333333 0.011500000000000015
1 0.48709375 0.1904537037037037 0.005177083333333362 0.009379629629629625
1 0.47723958333333333 0.17497222222222222 0.00756249999999999 0.009907407407407396
3 0.4538541666666667 0.17550925925925928 0.009953124999999948 0.019462962962962946