1 0.3265625 0.600925925925926 0.06458333333333334 0.10185185185185185
1 0.44505208333333335 0.44166666666666665 0.043229166666666666 0.07222222222222222
1 0.44088541666666664 0.9064814814814814 0.09635416666666667 0.18333333333333332
1 0.6385416666666667 0.5981481481481481 0.07291666666666667 0.10740740740740741
1 0.54375 0.5907407407407408 0.0625 0.09814814814814815
1 0.43854166666666666 0.3458333333333333 0.028125 0.04351851851851852
1 0.39348958333333334 0.3125 0.025520833333333333 0.03611111111111111
1 0.4908854166666667 0.33287037037037037 0.027604166666666666 0.049074074074074076
3 0.44392187499999997 0.26296296296296295 0.028125 0.05925925925925926
1 0.42135416666666664 0.23194444444444445 0.014583333333333334 0.023148148148148147
3 0.475 0.23071296296296293 0.019791666666666666 0.04444444444444442
1 0.5091145833333334 0.26435185185185184 0.018229166666666668 0.028703703703703703
1 0.43307291666666664 0.1986111111111111 0.009895833333333333 0.013888888888888888
1 0.4505208333333333 0.20092592592592592 0.011458333333333333 0.02962962962962963
1 0.5049479166666667 0.24305555555555555 0.0140625 0.025
1 0.49921875 0.22592592592592592 0.011979166666666667 0.018518518518518517
1 0.4510416666666667 0.1925925925925926 0.009375 0.014814814814814815
1 0.45026041666666666 0.20787037037037037 0.0109375 0.01574074074074074
0 0.5854166666666667 0.4152777777777778 0.08854166666666667 0.17314814814814813
1 0.4830729166666667 0.20187962962962963 0.012718750000000037 0.013564814814814793
3 0.4681770833333333 0.19768518518518519 0.014901041666666615 0.032305555555555546
1 0.483984375 0.1928425925925926 0.0109010416666667 0.01227777777777777
1 0.48453124999999997 0.1854074074074074 0.009083333333333362 0.007750000000000004
3 0.48580208333333336 0.17475 0.007994791666666619 0.013564814814814793
2 0.479625 0.17604629629629628 0.0029062499999999622 0.010981481481481495
3 0.46708854166666663 0.17637037037037037 0.009812499999999957 0.016796296296296285
1 0.49324999999999997 0.21641666666666665 0.012718750000000037 0.016796296296296285
1 0.4872552083333333 0.20769444444444446 0.009447916666666719 0.013564814814814793
1 0.43856249999999997 0.18412037037037038 0.008723958333333334 0.014212962962962985
3 0.45527604166666674 0.17249074074074072 0.010177083333333314 0.012916666666666656
1 0.44237499999999996 0.17733333333333334 0.00763020833333338 0.01227777777777777