1 0.6734375 0.600925925925926 0.06458333333333334 0.10185185185185185
1 0.5549479166666667 0.44166666666666665 0.043229166666666666 0.07222222222222222
1 0.5591145833333333 0.9064814814814814 0.09635416666666667 0.18333333333333332
1 0.3614583333333333 0.5981481481481481 0.07291666666666667 0.10740740740740741
1 0.45625 0.5907407407407408 0.0625 0.09814814814814815
1 0.5614583333333333 0.3458333333333333 0.028125 0.04351851851851852
1 0.6065104166666667 0.3125 0.025520833333333333 0.03611111111111111
1 0.5091145833333334 0.33287037037037037 0.027604166666666666 0.049074074074074076
3 0.5560781250000001 0.26296296296296295 0.028125 0.05925925925925926
1 0.5786458333333333 0.23194444444444445 0.014583333333333334 0.023148148148148147
3 0.525 0.23071296296296295 0.019791666666666666 0.044444444444444446
1 0.4908854166666667 0.26435185185185184 0.018229166666666668 0.028703703703703703
1 0.5669270833333333 0.1986111111111111 0.009895833333333333 0.013888888888888888
1 0.5494791666666666 0.20092592592592592 0.011458333333333333 0.02962962962962963
1 0.49505208333333334 0.24305555555555555 0.0140625 0.025
1 0.50078125 0.22592592592592592 0.011979166666666667 0.018518518518518517
1 0.5489583333333333 0.1925925925925926 0.009375 0.014814814814814815
1 0.5497395833333333 0.20787037037037037 0.0109375 0.01574074074074074
0 0.41458333333333336 0.4152777777777778 0.08854166666666667 0.17314814814814813
1 0.5169270833333334 0.20187962962962963 0.012718750000000001 0.013564814814814816
3 0.5318229166666667 0.19768518518518519 0.014901041666666667 0.03230555555555555
1 0.516015625 0.1928425925925926 0.010901041666666667 0.012277777777777778
1 0.51546875 0.1854074074074074 0.009083333333333334 0.007749999999999999
3 0.5141979166666667 0.17475 0.007994791666666666 0.013564814814814816
2 0.520375 0.17604629629629628 0.00290625 0.010981481481481481
3 0.5329114583333333 0.17637037037037037 0.0098125 0.016796296296296295
1 0.50675 0.21641666666666665 0.012718750000000001 0.016796296296296295
1 0.5127447916666666 0.20769444444444446 0.009447916666666667 0.013564814814814816
1 0.5614375 0.18412037037037038 0.008723958333333334 0.014212962962962962
3 0.5447239583333333 0.17249074074074072 0.010177083333333333 0.012916666666666667
1 0.557625 0.17733333333333334 0.0076302083333333335 0.012277777777777778