0 0.5315104166666667 0.21034259259259258 0.0171875 0.03611111111111111
2 0.50390625 0.7458333333333333 0.027604166666666666 0.13240740740740742
1 0.4348958333333333 0.4305555555555556 0.04479166666666667 0.05925925925925926
1 0.36380208333333336 0.5666666666666667 0.0609375 0.08703703703703704
1 0.5520833333333334 0.5824074074074074 0.05416666666666667 0.1
1 0.4557291666666667 0.34444444444444444 0.03229166666666667 0.044444444444444446
1 0.47734375 0.29768518518518516 0.0234375 0.04351851851851852
1 0.5252604166666667 0.2611111111111111 0.022395833333333334 0.02962962962962963
1 0.4856770833333333 0.2652777777777778 0.0234375 0.026851851851851852
1 0.5705729166666667 0.2013888888888889 0.016145833333333335 0.021296296296296296
1 0.012239583333333333 0.2773148148148148 0.024479166666666666 0.04351851851851852
1 0.5533854166666666 0.17407407407407408 0.011979166666666667 0.016666666666666666
1 0.496875 0.2412037037037037 0.0125 0.019444444444444445
1 0.5533854166666666 0.2050925925925926 0.0171875 0.023148148148148147
1 0.54921875 0.19583333333333333 0.0109375 0.01574074074074074
1 0.5442708333333334 0.17222222222222222 0.008333333333333333 0.014814814814814815
1 0.509375 0.20555555555555555 0.0125 0.018518518518518517
1 0.5057291666666667 0.22546296296296298 0.014583333333333334 0.019444444444444445