1 0.5653645833333333 0.5601851851851852 0.05260416666666667 0.09259259259259259
1 0.3104166666666667 0.6583333333333333 0.084375 0.13333333333333333
1 0.425 0.40694444444444444 0.040625 0.06759259259259259
1 0.5309895833333333 0.9513888888888888 0.1078125 0.09351851851851851
1 0.5565104166666667 0.30462962962962964 0.024479166666666666 0.04259259259259259
1 0.5609375 0.4162037037037037 0.03854166666666667 0.08425925925925926
1 0.5372395833333333 0.23981481481481481 0.0140625 0.025925925925925925
1 0.48515625 0.3023148148148148 0.018229166666666668 0.03981481481481482
1 0.4934895833333333 0.2537037037037037 0.016145833333333335 0.024074074074074074
3 0.51003125 0.32959259259259255 0.042453125 0.09915740740740742
1 0.5466145833333333 0.175 0.009895833333333333 0.020370370370370372
1 0.5619791666666667 0.19305555555555556 0.008333333333333333 0.013888888888888888
1 0.5463541666666667 0.19768518518518519 0.009375 0.01574074074074074
1 0.5057291666666667 0.2310185185185185 0.015625 0.028703703703703703
1 0.20208333333333334 0.2550925925925926 0.010416666666666666 0.01574074074074074
1 0.5075520833333333 0.20972222222222223 0.0109375 0.017592592592592594
3 0.5300572916666667 0.2083888888888889 0.01721875 0.031870370370370375
1 0.5302083333333333 0.18101851851851852 0.009375 0.01574074074074074
1 0.50625 0.21988888888888888 0.0125 0.013925925925925925
2 0.5187395833333334 0.2241111111111111 0.005427083333333333 0.015509259259259259
3 0.5110729166666667 0.18973148148148147 0.013208333333333332 0.02725
2 0.5598958333333334 0.17882407407407408 0.0037760416666666667 0.009648148148148149
2 0.5532916666666666 0.1748425925925926 0.0037760416666666667 0.00838888888888889
1 0.5239270833333334 0.17064814814814816 0.010140624999999999 0.010898148148148148