3 0.55078125 0.5532407407407407 0.07447916666666667 0.2064814814814815
2 0.59140625 0.3814814814814815 0.011979166666666667 0.03518518518518519
2 0.5494791666666666 0.34305555555555556 0.010416666666666666 0.028703703703703703
2 0.66484375 0.7680555555555556 0.03177083333333333 0.08796296296296297
2 0.5645833333333333 0.25972222222222224 0.007291666666666667 0.025
1 0.17213541666666668 0.9444444444444444 0.13489583333333333 0.10740740740740741
1 0.8729166666666667 0.6148148148148148 0.08229166666666667 0.12407407407407407
1 0.3875 0.5310185185185186 0.06041666666666667 0.08981481481481482
1 0.4354166666666667 0.4046296296296296 0.036458333333333336 0.05185185185185185
1 0.47291666666666665 0.4842592592592593 0.04479166666666667 0.07222222222222222
1 0.4466145833333333 0.35648148148148145 0.03177083333333333 0.04814814814814815
1 0.4786458333333333 0.3060185185185185 0.026041666666666668 0.03796296296296296
1 0.58984375 0.25601851851851853 0.0171875 0.025
1 0.5138020833333333 0.3074074074074074 0.0234375 0.03333333333333333
1 0.45807291666666666 0.2865740740740741 0.019270833333333334 0.026851851851851852
1 0.48984375 0.26435185185185184 0.018229166666666668 0.028703703703703703
1 0.5752604166666667 0.21666666666666667 0.013020833333333334 0.020370370370370372
1 0.54921875 0.20185185185185187 0.013020833333333334 0.027777777777777776
1 0.5252604166666667 0.2611111111111111 0.0171875 0.025925925925925925
1 0.53359375 0.19305555555555556 0.013020833333333334 0.025
1 0.565875 0.19012962962962962 0.009375 0.014814814814814815
1 0.5153489583333334 0.21192592592592593 0.008786458333333334 0.014870370370370369
1 0.5026041666666666 0.2263888888888889 0.0125 0.021296296296296296
2 0.5179583333333333 0.2775925925925926 0.009963541666666666 0.025861111111111112
2 0.5718697916666666 0.2496111111111111 0.009765625 0.02515740740740741
2 0.5630000000000001 0.2202037037037037 0.0059791666666666665 0.020194444444444442
1 0.5030052083333333 0.2455648148148148 0.016223958333333333 0.016981481481481483
1 0.5103697916666666 0.20425925925925925 0.008859375000000001 0.012564814814814815
1 0.518234375 0.19637962962962963 0.009453125 0.01450925925925926
1 0.5221145833333334 0.18355555555555556 0.0072656249999999995 0.009731481481481482
1 0.5134583333333333 0.18037037037037038 0.007067708333333334 0.0115
1 0.51290625 0.1904537037037037 0.005177083333333333 0.00937962962962963
1 0.5227604166666667 0.17497222222222222 0.0075625 0.009907407407407406
3 0.5461458333333333 0.17550925925925928 0.009953125 0.019462962962962963