3 0.5216145833333333 0.31712962962962965 0.0359375 0.07685185185185185
3 0.5221354166666666 0.812037037037037 0.10572916666666667 0.29444444444444445
3 0.5783854166666667 0.31296296296296294 0.0296875 0.06666666666666667
3 0.5822916666666667 0.20925925925925926 0.027083333333333334 0.08333333333333333
3 0.5966145833333333 0.17222222222222222 0.022395833333333334 0.046296296296296294
2 0.5369791666666667 0.2074074074074074 0.007291666666666667 0.024074074074074074
1 0.33098958333333334 0.7125 0.08489583333333334 0.1398148148148148
1 0.8822916666666667 0.4212962962962963 0.046875 0.06296296296296296
1 0.7395833333333334 0.2074074074074074 0.017708333333333333 0.027777777777777776
1 0.6846354166666667 0.1412037037037037 0.011979166666666667 0.01574074074074074
1 0.5630208333333333 0.18935185185185185 0.013541666666666667 0.023148148148148147
3 0.5961510416666668 0.12519444444444444 0.017708333333333333 0.046638888888888896
1 0.64765625 0.09907407407407408 0.0078125 0.012962962962962963
1 0.7 0.1574074074074074 0.011458333333333333 0.020370370370370372
1 0.584375 0.1050925925925926 0.009375 0.01574074074074074
1 0.63984375 0.09027777777777778 0.0067708333333333336 0.013888888888888888
2 0.577078125 0.10971296296296296 0.004078124999999962 0.011972222222222228
2 0.5683020833333333 0.11152777777777778 0.0036718750000000948 0.009796296296296308
2 0.6107395833333332 0.11750925925925926 0.0048958333333333805 0.013777777777777774
2 0.5747291666666666 0.09338888888888888 0.003062500000000057 0.009064814814814807
2 0.5829947916666666 0.08160185185185184 0.004078124999999962 0.006527777777777789
3 0.6001302083333333 0.09158333333333334 0.012239583333333333 0.02285185185185186
3 0.5927864583333334 0.08377777777777778 0.010609374999999944 0.014509259259259248
3 0.6012552083333332 0.07598148148148148 0.006734374999999915 0.013416666666666676
3 0.5944166666666667 0.06963888888888889 0.006119791666666667 0.012333333333333326