0 0.5416666666666666 0.2740740740740741 0.036458333333333336 0.07777777777777778
3 0.5971354166666667 0.1476851851851852 0.019270833333333334 0.04351851851851852
2 0.4390625 0.44074074074074077 0.015625 0.03888888888888889
2 0.51953125 0.45 0.016145833333333335 0.046296296296296294
2 0.35052083333333334 0.9694444444444444 0.040625 0.05925925925925926
2 0.5067708333333333 0.3296296296296296 0.010416666666666666 0.02962962962962963
3 0.77890625 0.5912037037037037 0.0703125 0.15833333333333333
1 0.5890625 0.27870370370370373 0.023958333333333335 0.05740740740740741
1 0.49453125 0.3023148148148148 0.027604166666666666 0.041666666666666664
1 0.56484375 0.1884259259259259 0.016145833333333335 0.030555555555555555
1 0.359375 0.3453703703703704 0.0375 0.05185185185185185
3 0.5955729166666667 0.19166666666666668 0.0234375 0.05740740740740741
3 0.5895833333333333 0.12407407407407407 0.0125 0.022222222222222223
1 0.4127604166666667 0.2462962962962963 0.024479166666666666 0.03148148148148148
3 0.6286458333333333 0.08564814814814815 0.009375 0.01574074074074074
3 0.6010416666666667 0.09398148148148149 0.008333333333333333 0.013888888888888888
1 0.583703125 0.08754629629629629 0.006291666666666629 0.009027777777777777
2 0.5820260416666667 0.11220370370370371 0.004765625000000048 0.009074074074074085
2 0.5820260416666667 0.10176851851851852 0.0037447916666666953 0.01058333333333334
2 0.5754739583333333 0.10222222222222223 0.0025520833333333806 0.011490740740740737
2 0.5806614583333333 0.09421296296296296 0.002723958333333343 0.008768518518518518
3 0.6037135416666667 0.08089814814814815 0.007994791666666619 0.017240740740740744
3 0.5932499999999999 0.08271296296296296 0.007828125000000104 0.026314814814814805
3 0.604140625 0.06517592592592593 0.004083333333333409 0.011194444444444448