3 0.39765625 0.0915462962962963 0.009895833333333333 0.024648148148148148
3 0.4510416666666667 0.6439814814814815 0.06875 0.17314814814814813
2 0.53828125 0.5986111111111111 0.0203125 0.05462962962962963
2 0.9682291666666667 0.7203703703703703 0.027083333333333334 0.07222222222222222
3 0.3723958333333333 0.07916666666666666 0.009375 0.021296296296296296
3 0.35963541666666665 0.08564814814814815 0.008854166666666666 0.019444444444444445
2 0.36390625000000004 0.20224074074074072 0.011817708333333335 0.03326851851851852
2 0.38138541666666664 0.1462037037037037 0.0123125 0.022759259259259257
2 0.40330208333333334 0.1208148148148148 0.008864583333333334 0.01750925925925926
2 0.41419791666666667 0.10382407407407407 0.005119791666666667 0.016175925925925923
0 0.39778125000000003 0.06892592592592592 0.0069010416666666664 0.01864814814814815
2 0.41427604166666665 0.08598148148148148 0.0031354166666666666 0.010037037037037037
2 0.4089010416666667 0.08837037037037036 0.002421875 0.00876851851851852
1 0.41436458333333337 0.07728703703703703 0.00475 0.005740740740740741