0 0.4583333333333333 0.2740740740740741 0.036458333333333336 0.07777777777777778
3 0.40286458333333336 0.1476851851851852 0.019270833333333334 0.04351851851851852
2 0.5609375 0.44074074074074077 0.015625 0.03888888888888889
2 0.48046875 0.45 0.016145833333333335 0.046296296296296294
2 0.6494791666666667 0.9694444444444444 0.040625 0.05925925925925926
2 0.49322916666666666 0.3296296296296296 0.010416666666666666 0.02962962962962963
3 0.22109375 0.5912037037037037 0.0703125 0.15833333333333333
1 0.4109375 0.27870370370370373 0.023958333333333335 0.05740740740740741
1 0.50546875 0.3023148148148148 0.027604166666666666 0.041666666666666664
1 0.43515625 0.1884259259259259 0.016145833333333335 0.030555555555555555
1 0.640625 0.3453703703703704 0.0375 0.05185185185185185
3 0.4044270833333333 0.19166666666666668 0.0234375 0.05740740740740741
3 0.41041666666666665 0.12407407407407407 0.0125 0.022222222222222223
1 0.5872395833333334 0.2462962962962963 0.024479166666666666 0.03148148148148148
3 0.37135416666666665 0.08564814814814815 0.009375 0.01574074074074074
3 0.39895833333333336 0.09398148148148149 0.008333333333333333 0.013888888888888888
1 0.41629687499999996 0.08754629629629629 0.006291666666666667 0.009027777777777777
2 0.41797395833333334 0.11220370370370371 0.004765625 0.009074074074074075
2 0.41797395833333334 0.10176851851851852 0.0037447916666666667 0.010583333333333333
2 0.4245260416666667 0.10222222222222223 0.0025520833333333337 0.01149074074074074
2 0.4193385416666667 0.09421296296296296 0.0027239583333333334 0.00876851851851852
3 0.3962864583333333 0.08089814814814815 0.007994791666666666 0.01724074074074074
3 0.40675 0.08271296296296296 0.007828125 0.026314814814814815
3 0.39585937499999996 0.06517592592592593 0.004083333333333333 0.011194444444444444