1 0.6184895833333334 0.8055555555555556 0.24635416666666668 0.26481481481481484
1 0.3572916666666667 0.34675925925925927 0.06979166666666667 0.06759259259259259
1 0.72890625 0.3365740740740741 0.06302083333333333 0.06018518518518518
1 0.26223958333333336 0.38472222222222224 0.07552083333333333 0.11203703703703703
1 0.5059895833333333 0.37453703703703706 0.06927083333333334 0.075
1 0.9765625 0.4888888888888889 0.04583333333333333 0.03888888888888889
1 0.2921875 0.34814814814814815 0.04895833333333333 0.06666666666666667
1 0.11692708333333333 0.23425925925925925 0.0140625 0.018518518518518517
1 0.531484375 0.28382407407407406 0.045453125 0.047462962962962964
1 0.43203125 0.26342592592592595 0.022395833333333334 0.026851851851851852
3 0.9583333333333334 0.4287037037037037 0.08229166666666667 0.09444444444444444
3 0.4622395833333333 0.42268518518518516 0.13177083333333334 0.15462962962962962
1 0.5088229166666667 0.26739814814814816 0.035890624999999995 0.029574074074074076