1 0.22916666666666666 0.3194444444444444 0.04583333333333333 0.06296296296296296
1 0.3697916666666667 0.35648148148148145 0.06875 0.07222222222222222
1 0.5364583333333334 0.274537037037037 0.041666666666666664 0.04537037037037037
1 0.7934895833333333 0.4074074074074074 0.07447916666666667 0.05555555555555555
1 0.39869791666666665 0.2375 0.034895833333333334 0.03425925925925926
1 0.7411458333333333 0.3388888888888889 0.058333333333333334 0.05740740740740741
1 0.12447916666666667 0.23425925925925925 0.014583333333333334 0.02962962962962963
1 0.4359375 0.24675925925925926 0.01875 0.030555555555555555
1 0.721875 0.34675925925925927 0.059375 0.049074074074074076
1 0.1359375 0.225 0.0125 0.025925925925925925
1 0.08020833333333334 0.2222222222222222 0.011458333333333333 0.02962962962962963
1 0.3481875 0.22550925925925927 0.03104166666666667 0.03164814814814815