1 0.6135416666666667 0.6458333333333334 0.16770833333333332 0.2064814814814815
1 0.6739583333333333 0.32314814814814813 0.06041666666666667 0.05740740740740741
1 0.8825520833333333 0.2763888888888889 0.0234375 0.03796296296296296
1 0.6817708333333333 0.22083333333333333 0.027083333333333334 0.032407407407407406
1 0.41875 0.3189814814814815 0.065625 0.04351851851851852
1 0.5018229166666667 0.3402777777777778 0.04010416666666667 0.032407407407407406
1 0.7190104166666667 0.2722222222222222 0.0421875 0.04814814814814815
1 0.8565104166666667 0.21805555555555556 0.0265625 0.030555555555555555
1 0.7075520833333333 0.225 0.0265625 0.024074074074074074
1 0.54921875 0.39305555555555555 0.05260416666666667 0.06759259259259259
1 0.34375 0.3282407407407407 0.040625 0.03796296296296296
1 0.8861979166666667 0.2037037037037037 0.015104166666666667 0.024074074074074074
1 0.5104166666666666 0.3416666666666667 0.021875 0.027777777777777776
3 0.19739583333333333 0.3560185185185185 0.07916666666666666 0.0824074074074074
1 0.7771510416666667 0.2927037037037037 0.05412500000000004 0.08264814814814814