1 0.6169270833333333 0.21157407407407408 0.0328125 0.04722222222222222
1 0.7278802083333333 0.09671296296296296 0.008885416666666666 0.01212037037037037
1 0.09609375 0.5013888888888889 0.043229166666666666 0.049074074074074076
1 0.6838541666666667 0.15092592592592594 0.016666666666666666 0.020370370370370372
1 0.6684895833333333 0.14537037037037037 0.018229166666666668 0.022222222222222223
1 0.720265625 0.058351851851851856 0.008234375 0.009212962962962963
1 0.6200520833333333 0.13240740740740742 0.013020833333333334 0.014814814814814815
1 0.09348958333333333 0.549074074074074 0.0609375 0.07037037037037037
1 0.7611979166666667 0.02638888888888889 0.013020833333333334 0.017592592592592594
1 0.005208333333333333 0.524074074074074 0.010416666666666666 0.04259259259259259
0 0.11171875 0.41805555555555557 0.0859375 0.09907407407407408
0 0.6591145833333333 0.6990740740740741 0.2265625 0.5981481481481481
0 0.207953125 0.42407407407407405 0.08645833333333333 0.1
1 0.7380364583333333 0.09848148148148148 0.009161458333333334 0.01399074074074074
1 0.7348697916666667 0.08548148148148148 0.010703125 0.012861111111111111
1 0.7296822916666666 0.0577962962962963 0.009083333333333334 0.010361111111111111
1 0.7450416666666667 0.07358333333333333 0.009369791666666665 0.013342592592592593