1 0.29583333333333334 0.5009259259259259 0.096875 0.1
1 0.63828125 0.32407407407407407 0.05364583333333333 0.06851851851851852
1 0.378125 0.5189814814814815 0.10625 0.13055555555555556
1 0.04791666666666667 0.5189814814814815 0.03958333333333333 0.05277777777777778
1 0.6481875 0.18191666666666667 0.0265625 0.041666666666666664
1 0.012760416666666666 0.48518518518518516 0.025520833333333333 0.046296296296296294
1 0.6940104166666666 0.1310185185185185 0.013020833333333334 0.021296296296296296
1 0.70703125 0.19027777777777777 0.0265625 0.030555555555555555
1 0.7638020833333333 0.1260185185185185 0.0171875 0.016481481481481482
1 0.6734375 0.1449074074074074 0.016666666666666666 0.019444444444444445
1 0.7018229166666666 0.11296296296296296 0.0109375 0.011111111111111112
1 0.7278645833333334 0.09675925925925925 0.008854166666666666 0.013888888888888888
1 0.7864583333333334 0.11990740740740741 0.015625 0.023148148148148147
1 0.7822916666666667 0.08842592592592592 0.015625 0.025
3 0.5498072916666668 0.20137962962962963 0.05677083333333333 0.08148148148148149
1 0.7449375 0.08255555555555555 0.009416666666666665 0.010981481481481481
1 0.7232708333333334 0.08776851851851852 0.01040625 0.010953703703703703
1 0.7360572916666667 0.07218518518518519 0.008531249999999999 0.009722222222222222
1 0.7460677083333334 0.07419444444444444 0.008151041666666668 0.008212962962962962
3 0.726859375 0.06340740740740741 0.008177083333333333 0.01872222222222222
1 0.7652083333333334 0.10222222222222223 0.013869791666666666 0.021037037037037035
1 0.7350885416666666 0.061314814814814815 0.007770833333333334 0.010351851851851852