1 0.6393229166666666 0.3148148148148148 0.04739583333333333 0.06481481481481481
1 0.5744791666666667 0.2625 0.042708333333333334 0.05277777777777778
1 0.90859375 0.7685185185185185 0.07760416666666667 0.10185185185185185
1 0.096875 0.46435185185185185 0.03958333333333333 0.04722222222222222
1 0.43203125 0.44027777777777777 0.08177083333333333 0.09166666666666666
1 0.4140625 0.31342592592592594 0.035416666666666666 0.05648148148148148
1 0.29010416666666666 0.3351851851851852 0.01875 0.03518518518518519
1 0.03307291666666667 0.5060185185185185 0.044270833333333336 0.062037037037037036
1 0.6901041666666666 0.2263888888888889 0.036458333333333336 0.049074074074074076
1 0.040364583333333336 0.4652777777777778 0.03697916666666667 0.041666666666666664
1 0.8778645833333333 0.7074074074074074 0.0265625 0.07037037037037037
1 0.31171875 0.28379629629629627 0.0171875 0.030555555555555555
1 0.2828125 0.2902777777777778 0.022916666666666665 0.028703703703703703
1 0.7044270833333334 0.13518518518518519 0.015104166666666667 0.024074074074074074
1 0.7265625 0.16064814814814815 0.01875 0.028703703703703703
1 0.3078125 0.2611111111111111 0.021875 0.022222222222222223
1 0.6731770833333334 0.15 0.0296875 0.04259259259259259
2 0.06510416666666667 0.4925925925925926 0.016666666666666666 0.046296296296296294
1 0.7520833333333333 0.15555555555555556 0.021875 0.02962962962962963
1 0.6669270833333333 0.14675925925925926 0.016145833333333335 0.025
1 0.721875 0.11898148148148148 0.009375 0.012037037037037037
1 0.009895833333333333 0.5296296296296297 0.019791666666666666 0.046296296296296294
0 0.11223958333333334 0.4185185185185185 0.09010416666666667 0.09814814814814815
1 0.7317604166666667 0.10842592592592593 0.010906250000000001 0.015361111111111112
1 0.710109375 0.10680555555555556 0.0095 0.012981481481481481
1 0.7327604166666667 0.08602777777777777 0.0080625 0.011462962962962963
1 0.7388333333333333 0.10016666666666667 0.008578124999999999 0.012175925925925927
1 0.7418333333333333 0.09358333333333332 0.008770833333333334 0.011925925925925927
1 0.7451562500000001 0.07940740740740741 0.008151041666666668 0.010287037037037037
1 0.73590625 0.0796388888888889 0.008302083333333333 0.011166666666666667
1 0.7195364583333334 0.05499074074074074 0.006317708333333334 0.009666666666666665
1 0.78225 0.13393518518518518 0.012104166666666666 0.01599074074074074
1 0.7648906249999999 0.12851851851851853 0.012265625 0.014212962962962962
1 0.7624322916666666 0.11552777777777777 0.009276041666666667 0.011898148148148147
1 0.77196875 0.11397222222222222 0.009942708333333333 0.013101851851851852
1 0.7853333333333333 0.12268518518518519 0.011244791666666667 0.012444444444444444
1 0.7628125 0.10550925925925926 0.010765625000000001 0.012537037037037036
1 0.7690052083333333 0.09267592592592593 0.013802083333333333 0.011870370370370371
1 0.7709114583333334 0.07790740740740741 0.009765625 0.010712962962962964
1 0.7815885416666667 0.06582407407407408 0.009322916666666665 0.00937037037037037
1 0.7364739583333333 0.05609259259259259 0.007979166666666667 0.01014814814814815
1 0.7174322916666667 0.098 0.009645833333333333 0.014175925925925927
1 0.7101458333333334 0.04362962962962963 0.006802083333333334 0.009694444444444445