1 0.26848958333333334 0.5416666666666666 0.06614583333333333 0.1388888888888889
1 0.45755208333333336 0.5009259259259259 0.0765625 0.12222222222222222
1 0.24140625 0.29583333333333334 0.0390625 0.0712962962962963
1 0.50859375 0.26296296296296295 0.0421875 0.044444444444444446
1 0.29244791666666664 0.2935185185185185 0.0359375 0.06296296296296296
1 0.6213541666666667 0.4152777777777778 0.08333333333333333 0.10833333333333334
1 0.09635416666666667 0.6143518518518518 0.08645833333333333 0.10277777777777777
1 0.7515625 0.9726851851851852 0.10416666666666667 0.05092592592592592
1 0.38984375 0.35833333333333334 0.05364583333333333 0.07592592592592592
1 0.3385416666666667 0.25416666666666665 0.034375 0.05092592592592592
1 0.9825520833333333 0.43842592592592594 0.034895833333333334 0.05277777777777778
1 0.23020833333333332 0.22268518518518518 0.029166666666666667 0.05092592592592592
1 0.9419270833333333 0.5199074074074074 0.04114583333333333 0.06018518518518518
1 0.45078125 0.23981481481481481 0.04010416666666667 0.05925925925925926
1 0.38125 0.18703703703703703 0.027083333333333334 0.03148148148148148
1 0.021614583333333333 0.6398148148148148 0.0421875 0.08888888888888889
1 0.014583333333333334 0.562962962962963 0.028125 0.08148148148148149
1 0.30104166666666665 0.19305555555555556 0.023958333333333335 0.032407407407407406
1 0.9223958333333333 0.47824074074074074 0.04479166666666667 0.062037037037037036
1 0.26458333333333334 0.1925925925925926 0.020833333333333332 0.03888888888888889
1 0.3919270833333333 0.5981481481481481 0.08385416666666666 0.15555555555555556
1 0.05260416666666667 0.1648148148148148 0.017708333333333333 0.020370370370370372
1 0.22473958333333333 0.16898148148148148 0.019270833333333334 0.03796296296296296
1 0.32395833333333335 0.16203703703703703 0.017708333333333333 0.027777777777777776
1 0.3614583333333333 0.14907407407407408 0.01875 0.02962962962962963
1 0.25052083333333336 0.1574074074074074 0.017708333333333333 0.02962962962962963
1 0.34270833333333334 0.15185185185185185 0.015625 0.025925925925925925
1 0.27578125 0.15185185185185185 0.0171875 0.025925925925925925
1 0.27239583333333334 0.11527777777777778 0.011458333333333333 0.01574074074074074
1 0.23776041666666667 0.13472222222222222 0.013020833333333334 0.023148148148148147
1 0.2727135416666666 0.0965 0.00845312500000001 0.012935185185185185
1 0.265625 0.07962962962962963 0.00625 0.011111111111111112
3 0.417703125 0.17224074074074075 0.04010416666666667 0.06018518518518518
2 0.30433854166666663 0.14287037037037037 0.00788541666666672 0.02365740740740742
3 0.3346666666666666 0.1253425925925926 0.032979166666666636 0.04834259259259259
1 0.3104739583333333 0.13368518518518518 0.01466666666666671 0.024009259259259265
1 0.2883020833333333 0.13389814814814816 0.012374999999999995 0.019981481481481468
1 0.29158854166666665 0.1191574074074074 0.010822916666666653 0.018129629629629614
3 0.2845989583333334 0.09069444444444445 0.013270833333333343 0.025379629629629627
1 0.26873958333333337 0.10976851851851852 0.00788020833333336 0.01272222222222223
2 0.27161979166666667 0.09990740740740742 0.003625000000000019 0.009935185185185175
1 0.26164062499999996 0.10087962962962964 0.00954687500000002 0.010999999999999996
1 0.2558177083333334 0.06818518518518518 0.0066510416666666575 0.01246296296296297
1 0.27189583333333334 0.07025925925925926 0.007583333333333305 0.014833333333333342
3 0.28605729166666666 0.05185185185185185 0.007843749999999972 0.01366666666666667
1 0.27653125 0.060675925925925925 0.007838541666666643 0.013481481481481483
1 0.2657083333333334 0.0620462962962963 0.007421875 0.014453703703703696
1 0.26582291666666674 0.1455648148148148 0.010703124999999977 0.02191666666666668
1 0.25886458333333334 0.13353703703703704 0.011583333333333338 0.021935185185185183
2 0.24938541666666664 0.13435185185185183 0.007479166666666674 0.0191111111111111
1 0.2501302083333333 0.12264814814814816 0.007994791666666678 0.014416666666666661
1 0.24184374999999997 0.11110185185185184 0.009526041666666648 0.012712962962962954
1 0.23954687500000002 0.10567592592592592 0.008598958333333328 0.011675925925925939
1 0.23575000000000004 0.10100925925925926 0.007671875000000009 0.011250000000000005
1 0.22828124999999996 0.11092592592592593 0.013078125000000006 0.01593518518518519
1 0.2340208333333333 0.09355555555555556 0.006619791666666685 0.011509259259259266
1 0.23205208333333333 0.1250740740740741 0.010057291666666638 0.018388888888888903
1 0.225015625 0.10172222222222223 0.008578125000000015 0.011787037037037028
1 0.2235416666666667 0.09497222222222222 0.008015624999999993 0.008092592592592601
1 0.22233854166666672 0.14425925925925928 0.014432291666666685 0.020203703703703696
1 0.2309322916666667 0.08689814814814814 0.00777604166666664 0.012444444444444442
1 0.21624479166666669 0.13391666666666666 0.012083333333333357 0.015564814814814818
1 0.21442187500000004 0.12001851851851852 0.010208333333333345 0.014518518518518524
1 0.2213958333333333 0.08793518518518519 0.007796875000000014 0.010953703703703715
1 0.21119270833333334 0.1037037037037037 0.009651041666666653 0.014861111111111122
1 0.21344270833333331 0.10945370370370369 0.008156249999999983 0.010314814814814829
1 0.21127604166666672 0.09207407407407407 0.007984375000000021 0.012101851851851846
1 0.22077604166666673 0.07834259259259259 0.007036458333333329 0.007814814814814813
1 0.21584895833333337 0.0700925925925926 0.008364583333333305 0.012703703703703703