1 0.615625 0.575462962962963 0.08020833333333334 0.15648148148148147
1 0.52265625 0.5305555555555556 0.08697916666666666 0.14814814814814814
1 0.5497395833333333 0.30185185185185187 0.0484375 0.06296296296296296
1 0.7354166666666667 0.5037037037037037 0.06145833333333333 0.12222222222222222
1 0.40625 0.38796296296296295 0.06875 0.07592592592592592
1 0.058854166666666666 0.7981481481481482 0.11770833333333333 0.17037037037037037
1 0.39505208333333336 0.5046296296296297 0.08177083333333333 0.09444444444444444
1 0.6557291666666667 0.2851851851851852 0.040625 0.05740740740740741
1 0.09479166666666666 0.4638888888888889 0.03958333333333333 0.044444444444444446
1 0.57109375 0.2273148148148148 0.033854166666666664 0.03796296296296296
1 0.033854166666666664 0.4300925925925926 0.034375 0.03796296296296296
1 0.9825520833333333 0.6342592592592593 0.033854166666666664 0.07777777777777778
1 0.20703125 0.49953703703703706 0.1046875 0.1287037037037037
1 0.7203125 0.175 0.021875 0.03333333333333333
1 0.6744791666666666 0.15787037037037038 0.016666666666666666 0.026851851851851852
1 0.64609375 0.1925925925925926 0.0265625 0.03333333333333333
1 0.74609375 0.15648148148148147 0.0171875 0.03518518518518519
1 0.6114583333333333 0.16666666666666666 0.019791666666666666 0.024074074074074074
1 0.9463541666666667 0.9601851851851851 0.05625 0.07592592592592592
1 0.7825520833333334 0.13518518518518519 0.011979166666666667 0.020370370370370372
1 0.6549479166666666 0.15 0.015104166666666667 0.02962962962962963
1 0.6924479166666667 0.12962962962962962 0.0140625 0.018518518518518517
1 0.6786458333333333 0.1259259259259259 0.011458333333333333 0.018518518518518517
1 0.71484375 0.12453703703703704 0.011979166666666667 0.019444444444444445
3 0.7874739583333333 0.09203703703703704 0.01140625 0.03258333333333333
1 0.4140625 0.29398148148148145 0.041666666666666664 0.075
1 0.76328125 0.13055555555555556 0.013020833333333334 0.025925925925925925
1 0.6440104166666667 0.1699074074074074 0.0171875 0.019444444444444445
1 0.005989583333333334 0.4375 0.011979166666666667 0.041666666666666664
2 0.13072916666666667 0.7935185185185185 0.065625 0.10925925925925926
2 0.6184895833333334 0.19907407407407407 0.0109375 0.037037037037037035
2 0.7184895833333333 0.3638888888888889 0.015104166666666667 0.046296296296296294
2 0.6770833333333334 0.3574074074074074 0.014583333333333334 0.046296296296296294
0 0.43697916666666664 0.275 0.08854166666666667 0.11481481481481481
3 0.9278645833333333 0.5712962962962963 0.1421875 0.1962962962962963
3 0.9255208333333333 0.9166666666666666 0.09895833333333333 0.1648148148148148
1 0.6439322916666667 0.14332407407407408 0.020802083333333332 0.02925925925925926
1 0.6982291666666666 0.1155462962962963 0.010666666666666666 0.014555555555555556
1 0.7080625 0.1166574074074074 0.010479166666666668 0.017453703703703704
2 0.7275052083333333 0.1096111111111111 0.006015625 0.017657407407407406
1 0.7376927083333332 0.1374537037037037 0.012979166666666668 0.02024074074074074
1 0.7569947916666667 0.14666666666666667 0.013661458333333333 0.023
1 0.7478177083333333 0.12899074074074074 0.012166666666666666 0.019657407407407408
1 0.7565416666666667 0.11590740740740742 0.009307291666666667 0.01596296296296296
1 0.77625 0.09963888888888889 0.008890625000000001 0.018157407407407407
1 0.7687968749999999 0.11291666666666667 0.015052083333333332 0.01746296296296296
1 0.7229583333333333 0.10131481481481482 0.008796875000000001 0.011953703703703704
1 0.7167447916666667 0.11225 0.010916666666666667 0.01273148148148148
1 0.7344322916666666 0.10552777777777778 0.009140625000000001 0.015620370370370371
1 0.71478125 0.09998148148148149 0.008911458333333334 0.015435185185185187
1 0.718359375 0.09119444444444444 0.006869791666666666 0.012833333333333332
1 0.7291197916666667 0.09473148148148149 0.007322916666666667 0.011064814814814814
1 0.7403333333333334 0.09310185185185185 0.007536458333333333 0.012555555555555556
1 0.723953125 0.08548148148148148 0.007713541666666667 0.008907407407407407
1 0.7359947916666666 0.08230555555555556 0.006526041666666666 0.008685185185185186
1 0.7270260416666667 0.07738888888888888 0.006203125 0.0076851851851851855
1 0.74471875 0.08173148148148147 0.006354166666666666 0.009564814814814814
1 0.7628177083333333 0.0991851851851852 0.011140625 0.009064814814814814
1 0.7650625000000001 0.09171296296296295 0.008729166666666668 0.011824074074074074
1 0.7680833333333333 0.07860185185185185 0.006729166666666666 0.012157407407407408
1 0.7376406249999999 0.06891666666666667 0.006750000000000001 0.008453703703703705
1 0.7278020833333334 0.07105555555555555 0.006604166666666666 0.008648148148148148
1 0.7662291666666667 0.06897222222222221 0.007625000000000001 0.009935185185185186
1 0.7799375000000001 0.08089814814814815 0.009270833333333334 0.01750925925925926