1 0.5104166666666666 0.4726851851851852 0.08333333333333333 0.09537037037037037
1 0.39114583333333336 0.3023148148148148 0.041666666666666664 0.06018518518518518
1 0.16927083333333334 0.2023148148148148 0.010416666666666666 0.01574074074074074
1 0.1828125 0.18888888888888888 0.008333333333333333 0.012962962962962963
1 0.24765625 0.18564814814814815 0.011979166666666667 0.025
1 0.26834375 0.20340740740740743 0.017177083333333332 0.02550925925925926
1 0.19555208333333332 0.18062037037037038 0.007927083333333333 0.012888888888888889
1 0.1868645833333333 0.17404629629629628 0.007270833333333334 0.009425925925925926
1 0.19761458333333334 0.17078703703703701 0.007322916666666667 0.00937037037037037
1 0.193171875 0.1616388888888889 0.007890625 0.010462962962962964
1 0.20671874999999998 0.13424074074074074 0.005901041666666666 0.009305555555555556
1 0.19839062500000001 0.14875 0.005604166666666666 0.007962962962962963
1 0.21622395833333333 0.16537037037037036 0.011822916666666666 0.017925925925925925
1 0.233375 0.1887037037037037 0.010505208333333333 0.012888888888888889