1 0.47994791666666664 0.9199074074074074 0.1390625 0.15648148148148147
1 0.42916666666666664 0.7412037037037037 0.125 0.15833333333333333
1 0.7817708333333333 0.45787037037037037 0.04375 0.075
1 0.2598958333333333 0.6175925925925926 0.10520833333333333 0.12037037037037036
1 0.41380208333333335 0.5513888888888889 0.0953125 0.1287037037037037
1 0.6888020833333334 0.4962962962962963 0.059895833333333336 0.0962962962962963
1 0.6236979166666666 0.4726851851851852 0.05677083333333333 0.0824074074074074
1 0.71015625 0.324537037037037 0.034895833333333334 0.05092592592592592
1 0.6166666666666667 0.35 0.042708333333333334 0.05185185185185185
1 0.7489583333333333 0.36666666666666664 0.035416666666666666 0.04814814814814815
1 0.80703125 0.35138888888888886 0.030729166666666665 0.06574074074074074
1 0.7690104166666667 0.30416666666666664 0.025520833333333333 0.03796296296296296
1 0.23229166666666667 0.40046296296296297 0.0375 0.03611111111111111
1 0.6083333333333333 0.30694444444444446 0.035416666666666666 0.04537037037037037
1 0.3104166666666667 0.39675925925925926 0.036458333333333336 0.03981481481481482
2 0.33984375 0.5884259259259259 0.0359375 0.06759259259259259
1 0.62109375 0.26944444444444443 0.03697916666666667 0.05
1 0.7934895833333333 0.25416666666666665 0.016145833333333335 0.026851851851851852
1 0.81484375 0.3023148148148148 0.0234375 0.03611111111111111
1 0.35989583333333336 0.37222222222222223 0.025 0.03888888888888889
1 0.17604166666666668 0.4111111111111111 0.036458333333333336 0.03888888888888889
1 0.2513020833333333 0.4361111111111111 0.0390625 0.05185185185185185
1 0.7510416666666667 0.2689814814814815 0.021875 0.03425925925925926
1 0.73046875 0.23194444444444445 0.0171875 0.026851851851851852
1 0.7661458333333333 0.24537037037037038 0.015625 0.025925925925925925
1 0.8184895833333333 0.2638888888888889 0.021354166666666667 0.04259259259259259
1 0.7822916666666667 0.22175925925925927 0.014583333333333334 0.019444444444444445
1 0.790625 0.20879629629629629 0.011458333333333333 0.017592592592592594
1 0.3854166666666667 0.33287037037037037 0.03125 0.03981481481481482
1 0.8083333333333333 0.2222222222222222 0.0125 0.020370370370370372
2 0.7579583333333333 0.20612962962962963 0.006208333333333371 0.016694444444444418
1 0.7565104166666666 0.20092592592592592 0.0109375 0.018518518518518517
1 0.8286458333333333 0.24861111111111112 0.016666666666666666 0.030555555555555555
2 0.7081406250000001 0.2385925925925926 0.009130208333333438 0.02542592592592593
2 0.7469947916666667 0.21530555555555556 0.007906249999999915 0.021564814814814835
2 0.7399791666666666 0.22205555555555556 0.0061302083333333235 0.021583333333333336
1 0.7292760416666667 0.2175277777777778 0.015520833333333428 0.026009259259259235
3 0.720328125 0.20274999999999999 0.024567708333333372 0.04588888888888889
1 0.825890625 0.23295370370370375 0.01459374999999999 0.02385185185185187
1 0.8312708333333333 0.22327777777777777 0.012890625 0.01999074074074072
1 0.8309427083333334 0.20974074074074076 0.0125 0.018296296296296286
1 0.810171875 0.21217592592592593 0.014343749999999982 0.021925925925925932
1 0.7987760416666667 0.2033425925925926 0.009614583333333352 0.016648148148148165
1 0.817171875 0.1922222222222222 0.009046874999999944 0.013583333333333348
1 0.7524531250000001 0.19026851851851853 0.012062499999999924 0.019601851851851867
1 0.7858593749999999 0.16545370370370371 0.006203124999999924 0.010824074074074073
1 0.779359375 0.17395370370370372 0.006656250000000104 0.007388888888888906
1 0.77396875 0.18483333333333335 0.0069947916666665815 0.011824074074074058
1 0.7761927083333333 0.17866666666666667 0.007072916666666628 0.011249999999999979
1 0.7785052083333334 0.16521296296296298 0.006281249999999972 0.009111111111111087
1 0.770453125 0.16300925925925927 0.006718750000000048 0.010268518518518495
1 0.8043072916666667 0.19644444444444445 0.008307291666666572 0.01088888888888888
1 0.8041093749999999 0.1868240740740741 0.00905208333333339 0.012694444444444425
1 0.8057031250000001 0.17972222222222223 0.0065572916666667425 0.007777777777777757
1 0.8158229166666667 0.18239814814814817 0.008958333333333238 0.011268518518518534
1 0.8315520833333333 0.19343518518518518 0.00919270833333338 0.014787037037037062
3 0.8274947916666666 0.18425925925925926 0.011041666666666571 0.02242592592592595
1 0.8125416666666666 0.17208333333333334 0.005421874999999924 0.009222222222222203