1 0.5200520833333333 0.9199074074074074 0.1390625 0.15648148148148147
1 0.5708333333333333 0.7412037037037037 0.125 0.15833333333333333
1 0.21822916666666667 0.45787037037037037 0.04375 0.075
1 0.7401041666666667 0.6175925925925926 0.10520833333333333 0.12037037037037036
1 0.5861979166666667 0.5513888888888889 0.0953125 0.1287037037037037
1 0.3111979166666667 0.4962962962962963 0.059895833333333336 0.0962962962962963
1 0.3763020833333333 0.4726851851851852 0.05677083333333333 0.0824074074074074
1 0.28984375 0.324537037037037 0.034895833333333334 0.05092592592592592
1 0.38333333333333336 0.35 0.042708333333333334 0.05185185185185185
1 0.25104166666666666 0.36666666666666664 0.035416666666666666 0.04814814814814815
1 0.19296875 0.35138888888888886 0.030729166666666665 0.06574074074074074
1 0.23098958333333333 0.30416666666666664 0.025520833333333333 0.03796296296296296
1 0.7677083333333333 0.40046296296296297 0.0375 0.03611111111111111
1 0.39166666666666666 0.30694444444444446 0.035416666666666666 0.04537037037037037
1 0.6895833333333333 0.39675925925925926 0.036458333333333336 0.03981481481481482
2 0.66015625 0.5884259259259259 0.0359375 0.06759259259259259
1 0.37890625 0.26944444444444443 0.03697916666666667 0.05
1 0.20651041666666667 0.25416666666666665 0.016145833333333335 0.026851851851851852
1 0.18515625 0.3023148148148148 0.0234375 0.03611111111111111
1 0.6401041666666667 0.37222222222222223 0.025 0.03888888888888889
1 0.8239583333333333 0.4111111111111111 0.036458333333333336 0.03888888888888889
1 0.7486979166666666 0.4361111111111111 0.0390625 0.05185185185185185
1 0.24895833333333334 0.2689814814814815 0.021875 0.03425925925925926
1 0.26953125 0.23194444444444445 0.0171875 0.026851851851851852
1 0.23385416666666667 0.24537037037037038 0.015625 0.025925925925925925
1 0.18151041666666667 0.2638888888888889 0.021354166666666667 0.04259259259259259
1 0.21770833333333334 0.22175925925925927 0.014583333333333334 0.019444444444444445
1 0.209375 0.20879629629629629 0.011458333333333333 0.017592592592592594
1 0.6145833333333334 0.33287037037037037 0.03125 0.03981481481481482
1 0.19166666666666668 0.2222222222222222 0.0125 0.020370370370370372
2 0.24204166666666668 0.20612962962962963 0.006208333333333333 0.016694444444444446
1 0.24348958333333334 0.20092592592592592 0.0109375 0.018518518518518517
1 0.17135416666666667 0.24861111111111112 0.016666666666666666 0.030555555555555555
2 0.291859375 0.2385925925925926 0.009130208333333334 0.025425925925925928
2 0.25300520833333334 0.21530555555555556 0.00790625 0.021564814814814814
2 0.2600208333333333 0.22205555555555556 0.006130208333333333 0.021583333333333333
1 0.2707239583333333 0.2175277777777778 0.015520833333333334 0.02600925925925926
3 0.279671875 0.20274999999999999 0.024567708333333334 0.04588888888888889
1 0.174109375 0.23295370370370372 0.014593749999999999 0.023851851851851853
1 0.16872916666666665 0.22327777777777777 0.012890625 0.01999074074074074
1 0.16905729166666666 0.20974074074074076 0.0125 0.018296296296296297
1 0.18982812500000001 0.21217592592592593 0.014343749999999999 0.021925925925925925
1 0.20122395833333334 0.2033425925925926 0.009614583333333334 0.016648148148148148
1 0.18282812499999998 0.1922222222222222 0.009046875000000001 0.013583333333333333
1 0.247546875 0.19026851851851853 0.0120625 0.019601851851851853
1 0.214140625 0.16545370370370371 0.006203125 0.010824074074074073
1 0.220640625 0.17395370370370372 0.00665625 0.007388888888888889
1 0.22603125000000002 0.18483333333333335 0.0069947916666666665 0.011824074074074074
1 0.22380729166666666 0.17866666666666667 0.007072916666666667 0.01125
1 0.22149479166666666 0.16521296296296298 0.00628125 0.009111111111111111
1 0.229546875 0.16300925925925927 0.00671875 0.010268518518518519
1 0.19569270833333335 0.19644444444444445 0.008307291666666666 0.010888888888888889
1 0.195890625 0.1868240740740741 0.009052083333333332 0.012694444444444446
1 0.194296875 0.17972222222222223 0.006557291666666667 0.007777777777777778
1 0.18417708333333332 0.18239814814814817 0.008958333333333334 0.011268518518518518
1 0.16844791666666667 0.19343518518518518 0.009192708333333332 0.014787037037037038
3 0.17250520833333333 0.18425925925925926 0.011041666666666667 0.022425925925925926
1 0.18745833333333334 0.17208333333333334 0.0054218750000000005 0.009222222222222224