3 0.36276041666666664 0.36342592592592593 0.033854166666666664 0.041666666666666664
1 0.9372395833333333 0.5467592592592593 0.044270833333333336 0.049074074074074076
1 0.24583333333333332 0.25925925925925924 0.026041666666666668 0.027777777777777776
0 0.115625 0.3106481481481482 0.06354166666666666 0.09351851851851851
0 0.8716145833333333 0.6773148148148148 0.10260416666666666 0.1824074074074074
1 0.7278645833333334 0.5995370370370371 0.0453125 0.0824074074074074
1 0.6932291666666667 0.4300925925925926 0.03333333333333333 0.07314814814814814
1 0.40703125 0.34120370370370373 0.03177083333333333 0.026851851851851852
1 0.6658854166666667 0.33287037037037037 0.0234375 0.04351851851851852
1 0.5552083333333333 0.5430555555555555 0.0375 0.032407407407407406
1 0.2911458333333333 0.3425925925925926 0.028125 0.027777777777777776
1 0.6671875 0.2916666666666667 0.01875 0.03518518518518519
1 0.6901041666666666 0.25787037037037036 0.016666666666666666 0.021296296296296296
1 0.4890625 0.2851851851851852 0.027083333333333334 0.025925925925925925
1 0.31666666666666665 0.29444444444444445 0.027083333333333334 0.024074074074074074
1 0.21328125 0.3541666666666667 0.030729166666666665 0.041666666666666664
1 0.45234375 0.45925925925925926 0.0390625 0.03333333333333333
2 0.26023958333333336 0.3920740740740741 0.011765625000000017 0.021361111111111157
1 0.22526041666666666 0.3388888888888889 0.024479166666666666 0.02962962962962963
1 0.2671875 0.28935185185185186 0.022916666666666665 0.023148148148148147
1 0.3697916666666667 0.4671296296296296 0.034375 0.04351851851851852
1 0.03671875 0.2513888888888889 0.0203125 0.021296296296296296
1 0.23932291666666666 0.2851851851851852 0.025520833333333333 0.03148148148148148
1 0.20442708333333334 0.28425925925925927 0.0234375 0.02962962962962963
1 0.16666666666666666 0.23472222222222222 0.020833333333333332 0.019444444444444445
1 0.38984375 0.6486111111111111 0.0453125 0.075
1 0.33098958333333334 0.4550925925925926 0.027604166666666666 0.03611111111111111
1 0.054947916666666666 0.2449074074074074 0.021354166666666667 0.021296296296296296
1 0.76015625 0.24814814814814815 0.018229166666666668 0.018518518518518517
1 0.6236979166666666 0.13287037037037036 0.0171875 0.012037037037037037
2 0.15038541666666666 0.3045277777777778 0.008255208333333345 0.028805555555555567
1 0.12161458333333333 0.24444444444444444 0.013020833333333334 0.020370370370370372
1 0.12734375 0.23194444444444445 0.0109375 0.019444444444444445
2 0.43865625 0.4308888888888889 0.01356249999999998 0.03020370370370371
3 0.964421875 0.2217962962962963 0.026708333333333438 0.023833333333333342
1 0.39720312500000005 0.09745370370370371 0.020869791666666634 0.01465740740740742
1 0.47817708333333336 0.11011111111111112 0.01413020833333339 0.01034259259259258
1 0.6852604166666667 0.1488611111111111 0.01871354166666658 0.015620370370370375
1 0.5450052083333332 0.12276851851851853 0.019359375000000036 0.013444444444444441