1 0.3059895833333333 0.44722222222222224 0.03802083333333333 0.06111111111111111
1 0.5588541666666667 0.725 0.05625 0.09074074074074075
1 0.5184895833333333 0.4287037037037037 0.0359375 0.03333333333333333
1 0.39895833333333336 0.5847222222222223 0.04791666666666667 0.04537037037037037
1 0.03723958333333333 0.5671296296296297 0.044270833333333336 0.041666666666666664
1 0.42864583333333334 0.6708333333333333 0.058333333333333334 0.07314814814814814
1 0.78046875 0.2898148148148148 0.0296875 0.03148148148148148
1 0.87890625 0.3050925925925926 0.030729166666666665 0.049074074074074076
1 0.26510416666666664 0.6013888888888889 0.052083333333333336 0.11018518518518519
1 0.6036458333333333 0.41435185185185186 0.03854166666666667 0.032407407407407406
1 0.4947916666666667 0.4925925925925926 0.026041666666666668 0.02962962962962963
1 0.82890625 0.3819444444444444 0.033854166666666664 0.04537037037037037
1 0.5779739583333333 0.262037037037037 0.024697916666666667 0.020370370370370372
1 0.42890625 0.7342592592592593 0.0640625 0.07962962962962963
1 0.9796875 0.2412037037037037 0.021875 0.021296296296296296
1 0.93359375 0.300462962962963 0.0328125 0.030555555555555555
1 0.8049479166666667 0.36574074074074076 0.03697916666666667 0.046296296296296294
1 0.32864583333333336 0.31342592592592594 0.027083333333333334 0.03611111111111111
1 0.054427083333333334 0.8361111111111111 0.04114583333333333 0.04814814814814815
1 0.23958333333333334 0.24675925925925926 0.03333333333333333 0.032407407407407406
1 0.6856770833333333 0.5958333333333333 0.033854166666666664 0.049074074074074076
1 0.88671875 0.35725 0.038015625 0.05031481481481482
1 0.8893229166666666 0.23472222222222222 0.021354166666666667 0.023148148148148147
1 0.7307291666666667 0.4425925925925926 0.03125 0.046296296296296294
1 0.4453125 0.12037037037037036 0.029166666666666667 0.018518518518518517
3 0.6061875000000001 0.3480648148148148 0.073921875 0.06419444444444444
1 0.5098541666666666 0.29576851851851854 0.02969270833333333 0.01900925925925926
3 0.8462760416666666 0.22669444444444445 0.03195833333333333 0.05215740740740741
1 0.8883697916666667 0.21183333333333335 0.019791666666666666 0.020120370370370372
1 0.9222187500000001 0.21414814814814814 0.019781249999999997 0.020120370370370372