1 0.5528645833333333 0.7856481481481481 0.10885416666666667 0.1638888888888889
1 0.146875 0.624537037037037 0.058333333333333334 0.14351851851851852
1 0.31197916666666664 0.4324074074074074 0.040625 0.06481481481481481
1 0.12994791666666666 0.42453703703703705 0.0328125 0.06574074074074074
1 0.4088541666666667 0.5824074074074074 0.06979166666666667 0.12407407407407407
1 0.6302083333333334 0.5328703703703703 0.07708333333333334 0.07685185185185185
1 0.51796875 0.3888888888888889 0.04635416666666667 0.05185185185185185
1 0.20390625 0.49444444444444446 0.04635416666666667 0.09814814814814815
1 0.171875 0.3958333333333333 0.028125 0.049074074074074076
1 0.4046875 0.4634259259259259 0.057291666666666664 0.09166666666666666
1 0.265625 0.45925925925925926 0.04583333333333333 0.09074074074074075
1 0.81953125 0.32037037037037036 0.04114583333333333 0.037037037037037035
1 0.4401041666666667 0.27685185185185185 0.026041666666666668 0.037037037037037035
1 0.25390625 0.35648148148148145 0.027604166666666666 0.04259259259259259
1 0.3614583333333333 0.3074074074074074 0.028125 0.037037037037037035
1 0.2864583333333333 0.32731481481481484 0.028125 0.03611111111111111
1 0.38671875 0.2884259259259259 0.0265625 0.03981481481481482
1 0.21692708333333333 0.32592592592592595 0.022395833333333334 0.03518518518518519
1 0.68046875 0.4166666666666667 0.05260416666666667 0.05185185185185185
1 0.3411458333333333 0.2601851851851852 0.020833333333333332 0.02962962962962963
1 0.24010416666666667 0.29814814814814816 0.021875 0.04259259259259259
1 0.3109375 0.24861111111111112 0.016666666666666666 0.023148148148148147
1 0.34270833333333334 0.1884259259259259 0.013541666666666667 0.028703703703703703
1 0.275 0.2912037037037037 0.019791666666666666 0.028703703703703703
1 0.14505208333333333 0.2662037037037037 0.016145833333333335 0.028703703703703703
1 0.23307291666666666 0.2675925925925926 0.0171875 0.03333333333333333
1 0.4828125 0.1763888888888889 0.0125 0.017592592592592594
1 0.3567708333333333 0.21851851851851853 0.0125 0.018518518518518517
1 0.46484375 0.17222222222222222 0.0109375 0.016666666666666666
1 0.17708333333333334 0.24351851851851852 0.014583333333333334 0.022222222222222223
1 0.17291666666666666 0.2671296296296296 0.015625 0.025
1 0.8041666666666667 0.3375 0.042708333333333334 0.032407407407407406
1 0.29348958333333336 0.2324074074074074 0.015104166666666667 0.022222222222222223
1 0.2520833333333333 0.24953703703703703 0.015625 0.023148148148148147
1 0.22994791666666667 0.2222222222222222 0.013020833333333334 0.020370370370370372
1 0.3033854166666667 0.18888888888888888 0.009895833333333333 0.018518518518518517
1 0.20442708333333334 0.2916666666666667 0.019270833333333334 0.03333333333333333
1 0.171875 0.2111111111111111 0.010416666666666666 0.018518518518518517
1 0.053385416666666664 0.32222222222222224 0.015104166666666667 0.020370370370370372
1 0.290625 0.2152777777777778 0.011458333333333333 0.017592592592592594
1 0.1546875 0.24722222222222223 0.014583333333333334 0.016666666666666666
3 0.321875 0.8467592592592592 0.11666666666666667 0.23055555555555557
3 0.8511666666666666 0.5471388888888888 0.0984375 0.11388888888888889
3 0.74609375 0.29907407407407405 0.0421875 0.046296296296296294
3 0.643921875 0.41557407407407404 0.08971354166666666 0.10277777777777777
3 0.4041666666666667 0.25462962962962965 0.019791666666666666 0.02962962962962963
1 0.25061458333333336 0.22831481481481483 0.013760416666666645 0.019527777777777755
3 0.20114062500000002 0.2498055555555556 0.01640104166666667 0.02764814814814816
1 0.2002291666666667 0.23298148148148148 0.015072916666666695 0.022018518518518493
1 0.20125000000000004 0.27249074074074076 0.02038541666666666 0.03129629629629625
1 0.18838020833333335 0.22654629629629627 0.013895833333333307 0.02285185185185186
1 0.20475520833333338 0.22350925925925924 0.013374999999999974 0.021138888888888874
3 0.2174166666666667 0.19714814814814813 0.016421874999999985 0.028805555555555567
3 0.20620833333333338 0.18651851851851853 0.01502083333333335 0.02809259259259257
1 0.23573437499999994 0.20039814814814816 0.010249999999999974 0.020981481481481504
3 0.2510260416666667 0.19399074074074074 0.012244791666666663 0.024981481481481497
1 0.2495208333333333 0.213 0.011046875000000018 0.015046296296296295
2 0.2974427083333333 0.2084537037037037 0.005567708333333362 0.016555555555555553
1 0.28463541666666664 0.20162962962962963 0.011567708333333352 0.01721296296296294
1 0.28795833333333337 0.1797777777777778 0.009473958333333362 0.01523148148148147
1 0.2549322916666667 0.17122222222222222 0.008635416666666689 0.013694444444444464
2 0.2436614583333333 0.17697222222222223 0.005953124999999974 0.013351851851851866
1 0.3004479166666666 0.17541666666666667 0.010416666666666666 0.013370370370370368
3 0.31870312500000003 0.17003703703703701 0.015583333333333371 0.036842592592592614
1 0.20232291666666669 0.21197222222222223 0.01420312499999999 0.014055555555555562
1 0.18757812500000004 0.2066574074074074 0.013656250000000014 0.02067592592592591
1 0.1957760416666667 0.1861851851851852 0.010197916666666688 0.014648148148148141
0 0.14054687499999996 0.19699999999999998 0.01866145833333334 0.03815740740740739
0 0.118625 0.19926851851851854 0.02329687500000001 0.04708333333333335
1 0.1034791666666667 0.24836111111111112 0.012734374999999994 0.019027777777777737
3 0.101171875 0.27058333333333334 0.017354166666666664 0.03226851851851854
1 0.08411458333333334 0.2851666666666667 0.014182291666666676 0.026351851851851887
3 0.07075520833333329 0.29697222222222225 0.020609374999999996 0.03289814814814812
3 0.08779166666666664 0.2612962962962963 0.014776041666666668 0.023925925925925955
1 0.12818749999999995 0.21978703703703703 0.011302083333333343 0.02182407407407407
1 0.054520833333333366 0.2969814814814815 0.015786458333333333 0.023648148148148116
3 0.15053124999999998 0.1897685185185185 0.015973958333333312 0.02858333333333334
1 0.16763541666666662 0.19014814814814815 0.008635416666666689 0.015194444444444467
1 0.16196354166666668 0.18238888888888888 0.009833333333333331 0.015287037037037028
1 0.17526041666666667 0.18160185185185185 0.010380208333333307 0.01419444444444443
1 0.3027447916666667 0.1615462962962963 0.008187500000000014 0.010129629629629627
3 0.3269947916666666 0.2099814814814815 0.016463541666666616 0.022101851851851855
3 0.33375520833333333 0.23795370370370372 0.02211979166666668 0.0433703703703704
2 0.36494270833333337 0.25628703703703704 0.008333333333333333 0.02597222222222218
1 0.4410729166666666 0.1677685185185185 0.01359895833333328 0.012749999999999984
1 0.5378958333333334 0.20024074074074072 0.020395833333333318 0.029296296296296282