1 0.23776041666666667 0.8782407407407408 0.1609375 0.1935185185185185
1 0.52421875 0.9023148148148148 0.12760416666666666 0.18796296296296297
1 0.14739583333333334 0.6074074074074074 0.10833333333333334 0.10925925925925926
1 0.42604166666666665 0.8412037037037037 0.11979166666666667 0.16574074074074074
1 0.8359375 0.7518518518518519 0.071875 0.1425925925925926
1 0.3528645833333333 0.3939814814814815 0.05260416666666667 0.058333333333333334
1 0.44140625 0.41574074074074074 0.0515625 0.05555555555555555
1 0.7614583333333333 0.6337962962962963 0.06979166666666667 0.14722222222222223
1 0.7973958333333333 0.4625 0.040625 0.07314814814814814
1 0.32734375 0.5560185185185185 0.0859375 0.08981481481481482
1 0.5174479166666667 0.41759259259259257 0.050520833333333334 0.05
1 0.6841145833333333 0.36018518518518516 0.0328125 0.05185185185185185
1 0.73203125 0.40555555555555556 0.04114583333333333 0.05740740740740741
1 0.8471354166666667 0.3712962962962963 0.027604166666666666 0.04259259259259259
1 0.61171875 0.2898148148148148 0.0265625 0.040740740740740744
1 0.6541666666666667 0.2902777777777778 0.023958333333333335 0.028703703703703703
1 0.7807291666666667 0.35185185185185186 0.027083333333333334 0.03518518518518519
1 0.75859375 0.3138888888888889 0.0234375 0.037037037037037035
1 0.5604166666666667 0.2759259259259259 0.027083333333333334 0.03888888888888889
1 0.6979166666666666 0.24074074074074073 0.015625 0.024074074074074074
1 0.6015625 0.25046296296296294 0.019791666666666666 0.021296296296296296
1 0.8322916666666667 0.2972222222222222 0.01875 0.02962962962962963
1 0.6557291666666667 0.2222222222222222 0.013541666666666667 0.024074074074074074
1 0.865625 0.3055555555555556 0.019791666666666666 0.037037037037037035
1 0.7674479166666667 0.2759259259259259 0.018229166666666668 0.03333333333333333
1 0.9872395833333333 0.4444444444444444 0.024479166666666666 0.06666666666666667
1 0.7447916666666666 0.2513888888888889 0.015625 0.026851851851851852
1 0.6861979166666666 0.21574074074074073 0.013020833333333334 0.024074074074074074
1 0.69609375 0.19537037037037036 0.008854166666666666 0.012962962962962963
1 0.6565104166666667 0.1986111111111111 0.009895833333333333 0.013888888888888888
1 0.8364583333333333 0.22546296296296298 0.013541666666666667 0.017592592592592594
1 0.47890625 0.19027777777777777 0.013020833333333334 0.01574074074074074
1 0.7729166666666667 0.22962962962962963 0.013541666666666667 0.020370370370370372
1 0.8299479166666667 0.26851851851851855 0.018229166666666668 0.025925925925925925
1 0.8192708333333333 0.24074074074074073 0.013541666666666667 0.022222222222222223
2 0.8744791666666667 0.3413981481481481 0.008333333333333333 0.032407407407407406
1 0.7721354166666666 0.25462962962962965 0.018229166666666668 0.024074074074074074
1 0.74921875 0.22777777777777777 0.011979166666666667 0.014814814814814815
1 0.43776041666666665 0.21203703703703702 0.021354166666666667 0.02962962962962963
2 0.6675052083333333 0.19719444444444445 0.005604166666666666 0.01839814814814815
1 0.6763020833333333 0.19166666666666668 0.0109375 0.018518518518518517
2 0.46927083333333336 0.6694444444444444 0.03333333333333333 0.08518518518518518
3 0.7046875 0.5074074074074074 0.08854166666666667 0.17777777777777778
3 0.5302083333333333 0.3055555555555556 0.04583333333333333 0.07592592592592592
3 0.799296875 0.2544351851851852 0.026411458333333335 0.08557407407407408
2 0.6693854166666667 0.4632222222222222 0.016151041666666668 0.051694444444444446
2 0.7199739583333333 0.3561666666666667 0.012505208333333333 0.04913888888888889
2 0.8423541666666666 0.2635092592592592 0.006927083333333334 0.027148148148148147
1 0.8009531249999999 0.2035648148148148 0.009692708333333333 0.020805555555555553
2 0.8113645833333333 0.20464814814814816 0.0053750000000000004 0.017962962962962962
1 0.7682864583333333 0.20800925925925925 0.013552083333333333 0.02139814814814815
1 0.749984375 0.20237962962962963 0.011479166666666667 0.022194444444444444
1 0.7152499999999999 0.17902777777777779 0.008614583333333333 0.01712962962962963
1 0.683859375 0.1806388888888889 0.009953125 0.01597222222222222
1 0.702 0.16419444444444445 0.007869791666666666 0.011787037037037037
1 0.7119947916666667 0.17482407407407408 0.008484374999999999 0.011712962962962963
1 0.7500520833333333 0.18758333333333332 0.010776041666666668 0.015092592592592593
1 0.76428125 0.19937962962962963 0.012015625 0.014064814814814815
1 0.7878229166666666 0.20663888888888887 0.011578125 0.025314814814814814
1 0.8118177083333333 0.1920185185185185 0.012046875 0.016583333333333332
1 0.821796875 0.2147777777777778 0.011244791666666667 0.013694444444444443
1 0.8213333333333334 0.20396296296296296 0.011239583333333332 0.015046296296296295
1 0.8040260416666667 0.1853148148148148 0.009375 0.013842592592592592
1 0.7982395833333332 0.1764537037037037 0.009343750000000001 0.01087037037037037
1 0.7630677083333333 0.17603703703703705 0.009583333333333333 0.01660185185185185
3 0.7700677083333333 0.1649537037037037 0.012510416666666666 0.0215
1 0.8644322916666667 0.28196296296296297 0.022015625 0.030953703703703702
1 0.8540520833333333 0.2626203703703704 0.016583333333333332 0.02662037037037037
1 0.6844739583333334 0.15866666666666668 0.008302083333333333 0.010537037037037037
1 0.694171875 0.15989814814814815 0.006 0.01174074074074074
1 0.7479583333333333 0.17710185185185187 0.007177083333333333 0.010722222222222222
1 0.7569374999999999 0.1645648148148148 0.006276041666666667 0.009685185185185186