1 0.3932291666666667 0.375 0.04895833333333333 0.05
1 0.49765625 0.3148148148148148 0.033854166666666664 0.03518518518518519
1 0.15494791666666666 0.33425925925925926 0.0453125 0.04259259259259259
1 0.5979166666666667 0.2537037037037037 0.022916666666666665 0.02962962962962963
1 0.7234375 0.937962962962963 0.1 0.12037037037037036
1 0.6614583333333334 0.2828703703703704 0.022916666666666665 0.025
1 0.7333333333333333 0.3453703703703704 0.04375 0.05740740740740741
1 0.6690104166666667 0.3939814814814815 0.04114583333333333 0.06388888888888888
1 0.5684895833333333 0.275 0.025520833333333333 0.027777777777777776
1 0.68671875 0.22175925925925927 0.015104166666666667 0.019444444444444445
1 0.03783333333333334 0.5828518518518518 0.075671875 0.08518518518518518
1 0.9275989583333334 0.2897685185185185 0.022973958333333332 0.03675925925925926
1 0.6533854166666667 0.2337962962962963 0.0171875 0.017592592592592594
1 0.55 0.16666666666666666 0.0125 0.018518518518518517
1 0.76796875 0.2847222222222222 0.033854166666666664 0.05092592592592592
1 0.44593750000000004 0.21192592592592593 0.026609375 0.02289814814814815
1 0.45625 0.19583333333333333 0.0125 0.019444444444444445
1 0.7924479166666667 0.3300925925925926 0.04010416666666667 0.05092592592592592
1 0.9002604166666667 0.24166666666666667 0.0171875 0.025925925925925925
1 0.8166666666666667 0.3962962962962963 0.046875 0.06666666666666667
1 0.8663385416666666 0.28710185185185183 0.025895833333333333 0.039203703703703706
1 0.8305625 0.26975925925925925 0.022708333333333334 0.03624074074074074
1 0.8187083333333334 0.22392592592592592 0.018317708333333335 0.021175925925925928
1 0.752109375 0.21587037037037035 0.01961458333333333 0.020916666666666667
2 0.7065520833333333 0.2344351851851852 0.008421875 0.02115740740740741
1 0.6940781250000001 0.19996296296296298 0.015828125000000002 0.01837962962962963
1 0.6684583333333334 0.17987962962962964 0.011994791666666667 0.016287037037037037
1 0.7165677083333333 0.18457407407407408 0.008802083333333332 0.011175925925925926
1 0.7720104166666667 0.20926851851851852 0.017739583333333333 0.016157407407407405
1 0.6849947916666667 0.18405555555555556 0.011421875 0.016462962962962964
1 0.7496979166666667 0.18772222222222223 0.013890625 0.017472222222222222
1 0.789859375 0.2076851851851852 0.014182291666666668 0.014805555555555556
1 0.7851145833333334 0.19370370370370368 0.011317708333333334 0.015842592592592592
1 0.7858177083333333 0.1827037037037037 0.011708333333333333 0.01287037037037037
1 0.8014218750000001 0.20233333333333334 0.012833333333333334 0.014064814814814815
1 0.8108229166666666 0.1916388888888889 0.012776041666666666 0.014416666666666666
1 0.8191927083333332 0.2028148148148148 0.014729166666666666 0.01412962962962963