1 0.4859375 0.5842592592592593 0.06354166666666666 0.12962962962962962
1 0.44088541666666664 0.29814814814814816 0.027604166666666666 0.046296296296296294
1 0.6299479166666667 0.3685185185185185 0.043229166666666666 0.05185185185185185
1 0.66796875 0.8532407407407407 0.10677083333333333 0.2101851851851852
1 0.40130208333333334 0.30833333333333335 0.0296875 0.06666666666666667
1 0.5299479166666666 0.36527777777777776 0.04114583333333333 0.062037037037037036
1 0.41796875 0.17685185185185184 0.016145833333333335 0.024074074074074074
1 0.4703125 0.1814814814814815 0.015625 0.025925925925925925
1 0.50859375 0.23194444444444445 0.0234375 0.032407407407407406
1 0.5796875 0.2537037037037037 0.027083333333333334 0.02962962962962963
1 0.40625 0.21666666666666667 0.017708333333333333 0.02962962962962963
1 0.3893229166666667 0.17592592592592593 0.016145833333333335 0.027777777777777776
1 0.3359375 0.10324074074074074 0.007291666666666667 0.01574074074074074
1 0.3984375 0.14027777777777778 0.011458333333333333 0.019444444444444445
1 0.5057291666666667 0.16898148148148148 0.015625 0.023148148148148147
1 0.3539322916666666 0.11301851851851852 0.011979166666666667 0.03508333333333332
2 0.5536458333333333 0.25324074074074077 0.009375 0.026851851851851852
1 0.38046875 0.1486111111111111 0.011979166666666667 0.019444444444444445
1 0.37552083333333336 0.1310185185185185 0.011458333333333333 0.019444444444444445
1 0.38359375 0.11018518518518519 0.0109375 0.016666666666666666
1 0.42734375 0.13425925925925927 0.013020833333333334 0.020370370370370372
2 0.4484375 0.7217592592592592 0.023958333333333335 0.0824074074074074
3 0.34756249999999994 0.25257407407407406 0.024479166666666666 0.07407407407407407
1 0.4583854166666666 0.14937037037037038 0.021312500000000036 0.022268518518518528
1 0.3681979166666667 0.11542592592592592 0.010911458333333356 0.017592592592592594
1 0.33334375 0.07976851851851853 0.010817708333333323 0.026814814814814823
1 0.37276562500000004 0.09528703703703703 0.00877083333333329 0.01360185185185185
1 0.36290104166666665 0.09948148148148148 0.010031249999999995 0.012657407407407395
1 0.3661770833333333 0.08027777777777778 0.00969791666666661 0.01331481481481481