1 0.17786458333333333 0.8828703703703704 0.10885416666666667 0.20277777777777778
1 0.8434895833333333 0.6574074074074074 0.06197916666666667 0.1574074074074074
1 0.015364583333333333 0.7930555555555555 0.030729166666666665 0.07314814814814814
1 0.5424479166666667 0.4537037037037037 0.04635416666666667 0.08333333333333333
1 0.29713541666666665 0.8717592592592592 0.1328125 0.25277777777777777
1 0.559375 0.9314814814814815 0.09270833333333334 0.13333333333333333
1 0.6375 0.36898148148148147 0.035416666666666666 0.08055555555555556
1 0.3963541666666667 0.9393518518518519 0.09895833333333333 0.1175925925925926
1 0.45078125 0.5282407407407408 0.059895833333333336 0.10092592592592593
1 0.4109375 0.4708333333333333 0.06041666666666667 0.08981481481481482
1 0.25052083333333336 0.47175925925925927 0.058333333333333334 0.06759259259259259
1 0.16788541666666665 0.44446296296296295 0.07760416666666667 0.10925925925925926
1 0.5223958333333333 0.2861111111111111 0.030208333333333334 0.04814814814814815
1 0.5552083333333333 0.30277777777777776 0.027083333333333334 0.05
1 0.6497395833333334 0.2949074074074074 0.025520833333333333 0.05462962962962963
1 0.5833333333333334 0.2412037037037037 0.023958333333333335 0.04351851851851852
1 0.5005208333333333 0.19490740740740742 0.01875 0.023148148148148147
1 0.5598958333333334 0.21944444444444444 0.021875 0.03148148148148148
1 0.6497395833333334 0.25 0.021354166666666667 0.03518518518518519
1 0.515625 0.20555555555555555 0.020833333333333332 0.024074074074074074
1 0.44313541666666667 0.21963888888888888 0.03646875 0.056796296296296296
1 0.6286458333333333 0.20046296296296295 0.016666666666666666 0.028703703703703703
1 0.6125 0.2625 0.022916666666666665 0.05462962962962963
1 0.65546875 0.21805555555555556 0.0171875 0.032407407407407406
1 0.6598958333333333 0.17685185185185184 0.014583333333333334 0.025925925925925925
1 0.6359375 0.17314814814814813 0.013541666666666667 0.027777777777777776
1 0.57578125 0.18425925925925926 0.015104166666666667 0.024074074074074074
1 0.6033854166666667 0.18935185185185185 0.0140625 0.032407407407407406
1 0.6190104166666667 0.23333333333333334 0.0234375 0.037037037037037035
1 0.6557291666666667 0.19907407407407407 0.014583333333333334 0.020370370370370372
1 0.6583333333333333 0.15324074074074073 0.013541666666666667 0.023148148148148147
1 0.6388020833333333 0.14722222222222223 0.013020833333333334 0.025925925925925925
1 0.6609375 0.13333333333333333 0.0125 0.018518518518518517
1 0.6328125 0.03564814814814815 0.022916666666666665 0.013888888888888888
0 0.6130416666666666 0.16224999999999998 0.02608854166666667 0.04587037037037037
1 0.5911458333333334 0.2125 0.017708333333333333 0.030555555555555555
0 0.6030208333333333 0.5881944444444445 0.10625 0.35185185185185186
1 0.5922395833333333 0.16380555555555557 0.014343749999999999 0.02360185185185185
1 0.5614427083333333 0.15457407407407406 0.014630208333333334 0.019324074074074073
1 0.578640625 0.1295462962962963 0.010765625000000001 0.017166666666666667
1 0.6040625 0.14041666666666666 0.014041666666666668 0.017620370370370373
1 0.6239791666666666 0.13987962962962963 0.011619791666666665 0.018324074074074072
1 0.644671875 0.12719444444444444 0.011078125 0.021944444444444444
1 0.6290260416666666 0.1260277777777778 0.011729166666666667 0.018425925925925925
1 0.6492604166666667 0.11125925925925925 0.010614583333333334 0.015509259259259259
1 0.6643333333333333 0.11975925925925926 0.0118125 0.015944444444444445
1 0.662765625 0.10554629629629629 0.009338541666666667 0.018277777777777775
3 0.654078125 0.08291666666666667 0.010255208333333333 0.02861111111111111
1 0.616515625 0.11780555555555557 0.011328125 0.010842592592592593
1 0.6181875 0.10805555555555556 0.009682291666666667 0.011453703703703704
1 0.6331666666666667 0.11807407407407407 0.009697916666666667 0.015537037037037038
1 0.63428125 0.10426851851851852 0.008260416666666666 0.012759259259259258
1 0.6368385416666666 0.1075925925925926 0.009052083333333332 0.011712962962962963
1 0.623734375 0.10076851851851852 0.008130208333333333 0.011675925925925925
1 0.6270625 0.09109259259259259 0.008130208333333333 0.010064814814814815
1 0.6648229166666667 0.0934074074074074 0.007135416666666667 0.011731481481481482