1 0.5140625 0.5842592592592593 0.06354166666666666 0.12962962962962962
1 0.5591145833333333 0.29814814814814816 0.027604166666666666 0.046296296296296294
1 0.37005208333333334 0.3685185185185185 0.043229166666666666 0.05185185185185185
1 0.33203125 0.8532407407407407 0.10677083333333333 0.2101851851851852
1 0.5986979166666667 0.30833333333333335 0.0296875 0.06666666666666667
1 0.4700520833333333 0.36527777777777776 0.04114583333333333 0.062037037037037036
1 0.58203125 0.17685185185185184 0.016145833333333335 0.024074074074074074
1 0.5296875 0.1814814814814815 0.015625 0.025925925925925925
1 0.49140625 0.23194444444444445 0.0234375 0.032407407407407406
1 0.4203125 0.2537037037037037 0.027083333333333334 0.02962962962962963
1 0.59375 0.21666666666666667 0.017708333333333333 0.02962962962962963
1 0.6106770833333334 0.17592592592592593 0.016145833333333335 0.027777777777777776
1 0.6640625 0.10324074074074074 0.007291666666666667 0.01574074074074074
1 0.6015625 0.14027777777777778 0.011458333333333333 0.019444444444444445
1 0.4942708333333333 0.16898148148148148 0.015625 0.023148148148148147
1 0.6460677083333334 0.11301851851851852 0.011979166666666667 0.035083333333333334
2 0.44635416666666666 0.25324074074074077 0.009375 0.026851851851851852
1 0.61953125 0.1486111111111111 0.011979166666666667 0.019444444444444445
1 0.6244791666666667 0.1310185185185185 0.011458333333333333 0.019444444444444445
1 0.61640625 0.11018518518518519 0.0109375 0.016666666666666666
1 0.57265625 0.13425925925925927 0.013020833333333334 0.020370370370370372
2 0.5515625 0.7217592592592592 0.023958333333333335 0.0824074074074074
3 0.6524375 0.25257407407407406 0.024479166666666666 0.07407407407407407
1 0.5416145833333333 0.14937037037037038 0.0213125 0.02226851851851852
1 0.6318020833333333 0.11542592592592592 0.010911458333333334 0.017592592592592594
1 0.6666562500000001 0.07976851851851853 0.010817708333333334 0.026814814814814816
1 0.627234375 0.09528703703703703 0.008770833333333334 0.013601851851851851
1 0.6370989583333333 0.09948148148148148 0.01003125 0.012657407407407407
1 0.6338229166666667 0.08027777777777778 0.009697916666666667 0.013314814814814816