1 0.5768229166666666 0.19074074074074074 0.019270833333333334 0.03333333333333333
1 0.38385416666666666 0.3578703703703704 0.03958333333333333 0.049074074074074076
1 0.5122395833333333 0.21157407407407408 0.015104166666666667 0.025
1 0.6403645833333333 0.15092592592592594 0.0140625 0.024074074074074074
1 0.48333333333333334 0.18703703703703703 0.01875 0.027777777777777776
1 0.4934895833333333 0.19907407407407407 0.018229166666666668 0.025925925925925925
1 0.5205729166666667 0.17175925925925925 0.018229166666666668 0.021296296296296296
1 0.6036458333333333 0.15648148148148147 0.017708333333333333 0.02962962962962963
1 0.66171875 0.15231481481481482 0.013020833333333334 0.023148148148148147
1 0.6169270833333333 0.0763888888888889 0.009895833333333333 0.01574074074074074
1 0.6416666666666667 0.09074074074074075 0.009375 0.014814814814814815
1 0.6486979166666667 0.1111111111111111 0.009895833333333333 0.018518518518518517
1 0.6266875 0.12699074074074074 0.012515625 0.0187037037037037
1 0.6338541666666667 0.11481481481481481 0.010416666666666666 0.016666666666666666
1 0.6244791666666667 0.1439814814814815 0.013541666666666667 0.021296296296296296
3 0.6550989583333333 0.20856481481481481 0.022916666666666665 0.05185185185185185
1 0.6069375 0.13296296296296295 0.015317708333333334 0.019740740740740743
1 0.6644270833333333 0.13187962962962962 0.016364583333333335 0.018787037037037036
1 0.6650885416666666 0.11595370370370371 0.014286458333333333 0.019675925925925927
1 0.6679791666666667 0.08249999999999999 0.011869791666666666 0.01462962962962963
1 0.6485833333333333 0.07386111111111111 0.01196875 0.015527777777777777
1 0.5903854166666667 0.11359259259259259 0.012906250000000001 0.012518518518518517