1 0.5559895833333334 0.6398148148148148 0.06822916666666666 0.1648148148148148
1 0.4817708333333333 0.3578703703703704 0.042708333333333334 0.062037037037037036
1 0.5557291666666667 0.3143518518518518 0.03229166666666667 0.06388888888888888
1 0.33619791666666665 0.6171296296296296 0.0921875 0.13796296296296295
1 0.05286458333333333 0.462037037037037 0.07447916666666667 0.09814814814814815
1 0.5958333333333333 0.22824074074074074 0.025 0.03981481481481482
1 0.05546875 0.8185185185185185 0.08802083333333334 0.14074074074074075
1 0.04348958333333333 0.6222222222222222 0.0765625 0.09814814814814815
1 0.4822916666666667 0.24166666666666667 0.021875 0.03333333333333333
1 0.33177083333333335 0.42314814814814816 0.057291666666666664 0.06851851851851852
1 0.5861979166666667 0.1699074074074074 0.0171875 0.025
1 0.3328125 0.37037037037037035 0.052083333333333336 0.05925925925925926
1 0.66625 0.08989814814814816 0.011979166666666667 0.01275
1 0.4609375 0.23935185185185184 0.021875 0.028703703703703703
1 0.6359375 0.10833333333333334 0.0125 0.016666666666666666
1 0.5401041666666667 0.17777777777777778 0.015625 0.022222222222222223
1 0.8020833333333334 0.30787037037037035 0.019791666666666666 0.04351851851851852
1 0.61796875 0.07685185185185185 0.0109375 0.016666666666666666
1 0.6234375 0.09861111111111111 0.0125 0.017592592592592594
1 0.65 0.09953703703703703 0.010416666666666666 0.017592592592592594
1 0.84296875 0.24351851851851852 0.018229166666666668 0.037037037037037035
1 0.6497395833333334 0.07083333333333333 0.009895833333333333 0.01574074074074074
3 0.24388541666666666 0.4080925925925926 0.07989583333333333 0.09612962962962962
1 0.5177083333333333 0.17175925925925925 0.016666666666666666 0.019444444444444445
1 0.32317708333333334 0.38055555555555554 0.03177083333333333 0.03888888888888889
2 0.6197916666666666 0.3287037037037037 0.013541666666666667 0.053703703703703705
1 0.5637239583333333 0.14608333333333334 0.014520833333333334 0.02185185185185185
1 0.5925312500000001 0.11087037037037037 0.010125 0.01450925925925926
1 0.6416406250000001 0.08311111111111112 0.008770833333333334 0.012518518518518517