1 0.8317708333333333 0.9115740740740741 0.11354166666666667 0.17314814814814813
1 0.5033854166666667 0.637962962962963 0.0734375 0.1574074074074074
1 0.6627604166666666 0.5740740740740741 0.07552083333333333 0.12777777777777777
1 0.10625 0.9152777777777777 0.09166666666666666 0.16574074074074074
1 0.46796875 0.9736111111111111 0.0796875 0.05092592592592592
1 0.5216145833333333 0.34675925925925927 0.03802083333333333 0.06388888888888888
1 0.5252604166666667 0.4981481481481482 0.05572916666666667 0.0962962962962963
1 0.37916666666666665 0.5546296296296296 0.05 0.11481481481481481
1 0.6276041666666666 0.37777777777777777 0.04583333333333333 0.053703703703703705
1 0.13046875 0.6712962962962963 0.08385416666666666 0.23333333333333334
1 0.4401041666666667 0.45416666666666666 0.04895833333333333 0.09537037037037037
1 0.16822916666666668 0.49074074074074076 0.051041666666666666 0.13333333333333333
1 0.35963541666666665 0.3592592592592593 0.0328125 0.05925925925925926
1 0.4591145833333333 0.3300925925925926 0.04010416666666667 0.06574074074074074
1 0.4625 0.2537037037037037 0.023958333333333335 0.03518518518518519
1 0.35833333333333334 0.29953703703703705 0.025 0.04351851851851852
1 0.4934895833333333 0.2111111111111111 0.021354166666666667 0.027777777777777776
1 0.6130208333333333 0.2657407407407407 0.06458333333333334 0.08518518518518518
1 0.378125 0.22037037037037038 0.019791666666666666 0.040740740740740744
1 0.43385416666666665 0.20092592592592592 0.016666666666666666 0.027777777777777776
1 0.41640625 0.22962962962962963 0.022395833333333334 0.040740740740740744
1 0.4002604166666667 0.19583333333333333 0.0203125 0.03981481481481482
1 0.56796875 0.23796296296296296 0.0234375 0.03518518518518519
1 0.4161458333333333 0.1712962962962963 0.014583333333333334 0.025925925925925925
1 0.53515625 0.2212962962962963 0.027604166666666666 0.044444444444444446
1 0.3692708333333333 0.18333333333333332 0.01875 0.05
1 0.3848958333333333 0.1625 0.013541666666666667 0.021296296296296296
1 0.3458333333333333 0.1962962962962963 0.023958333333333335 0.02962962962962963
1 0.38229166666666664 0.07731481481481481 0.0125 0.019444444444444445
1 0.34010416666666665 0.1537037037037037 0.0125 0.024074074074074074
1 0.2015625 0.3125 0.019791666666666666 0.026851851851851852
1 0.5997395833333333 0.24537037037037038 0.0390625 0.044444444444444446
1 0.3614583333333333 0.14907407407407408 0.021875 0.03888888888888889
1 0.3338541666666667 0.07685185185185185 0.011458333333333333 0.024074074074074074
1 0.40520833333333334 0.15601851851851853 0.0125 0.023148148148148147
1 0.6640312500000001 0.3569629629629629 0.05572916666666667 0.07757407407407405
1 0.3502604166666667 0.22685185185185186 0.025520833333333333 0.037037037037037035
1 0.46067708333333335 0.1837962962962963 0.0140625 0.028703703703703703
2 0.7885416666666667 0.4273148148148148 0.017708333333333333 0.04351851851851852
2 0.5479166666666667 0.4476851851851852 0.01875 0.06018518518518518
2 0.8729166666666667 0.5282407407407408 0.023958333333333335 0.03981481481481482
2 0.7309895833333333 0.47685185185185186 0.024479166666666666 0.044444444444444446
3 0.4044270833333333 0.300462962962963 0.0515625 0.125
1 0.39522916666666663 0.1351111111111111 0.0113645833333333 0.017379629629629613
1 0.37454687500000006 0.13534259259259257 0.010744791666666724 0.016898148148148148
1 0.36988020833333335 0.12276851851851853 0.009578125000000052 0.016953703703703707
1 0.3841354166666667 0.11822222222222223 0.010984374999999958 0.018120370370370363
1 0.43746875 0.1521111111111111 0.016098958333333375 0.019657407407407426
1 0.35442708333333334 0.12152777777777778 0.01005208333333331 0.020055555555555566
1 0.3388489583333333 0.13294444444444445 0.01128645833333337 0.01956481481481481
1 0.3653177083333334 0.11035185185185185 0.00873437499999999 0.013583333333333322
1 0.3760677083333333 0.10278703703703704 0.010848958333333296 0.01523148148148147
1 0.350125 0.10981481481481481 0.010776041666666696 0.01902777777777779
1 0.33779687499999994 0.11448148148148148 0.009718750000000043 0.015305555555555557
1 0.3628854166666667 0.1014537037037037 0.008869791666666653 0.011638888888888883
1 0.369140625 0.0878425925925926 0.009484375000000019 0.012407407407407412
1 0.3620416666666666 0.091 0.010041666666666652 0.012194444444444433
1 0.33596354166666664 0.10362962962962963 0.009708333333333385 0.013194444444444444
1 0.42109375 0.13171296296296298 0.012114583333333328 0.01711111111111113
1 0.4522916666666667 0.1288888888888889 0.012697916666666724 0.01331481481481481
2 0.5453541666666666 0.26084259259259257 0.01498437499999999 0.024379629629629668
3 0.77209375 0.9547037037037036 0.13004166666666658 0.09059259259259263