1 0.3885416666666667 0.5027777777777778 0.06458333333333334 0.09814814814814815
1 0.5638020833333334 0.25416666666666665 0.024479166666666666 0.03796296296296296
1 0.3143229166666667 0.4439814814814815 0.0578125 0.06759259259259259
1 0.4666666666666667 0.22777777777777777 0.021875 0.027777777777777776
1 0.58671875 0.16805555555555557 0.013020833333333334 0.021296296296296296
1 0.6567708333333333 0.20555555555555555 0.015625 0.037037037037037035
1 0.5356770833333333 0.9888888888888889 0.059895833333333336 0.020370370370370372
1 0.6221354166666667 0.14212962962962963 0.011979166666666667 0.023148148148148147
1 0.6481770833333333 0.11527777777777778 0.009895833333333333 0.019444444444444445
1 0.6625 0.12453703703703704 0.009375 0.017592592592592594
1 0.6408854166666667 0.14027777777777778 0.011979166666666667 0.019444444444444445
1 0.6380208333333334 0.15787037037037038 0.0125 0.019444444444444445
1 0.6268229166666667 0.09583333333333334 0.0067708333333333336 0.01574074074074074
1 0.6630208333333333 0.10185185185185185 0.007291666666666667 0.011111111111111112
1 0.6302083333333334 0.12037037037037036 0.010416666666666666 0.016666666666666666
1 0.49725520833333337 0.15994444444444444 0.015625 0.021296296296296296
3 0.6184895833333334 0.22175925925925927 0.03177083333333333 0.05277777777777778
3 0.38603125 0.9363148148148148 0.17563541666666668 0.12736111111111112
1 0.5391145833333333 0.15503703703703703 0.013661458333333333 0.02163888888888889
1 0.6639895833333332 0.14137962962962963 0.012750000000000001 0.018435185185185186
1 0.6229791666666666 0.10460185185185185 0.008630208333333333 0.011796296296296296
1 0.6561041666666667 0.07937962962962963 0.006927083333333334 0.012703703703703705
1 0.6394375 0.09983333333333333 0.005796875000000001 0.014472222222222223
1 0.6671041666666666 0.07052777777777777 0.008958333333333334 0.014055555555555556