1 0.16822916666666668 0.9115740740740741 0.11354166666666667 0.17314814814814813
1 0.49661458333333336 0.637962962962963 0.0734375 0.1574074074074074
1 0.3372395833333333 0.5740740740740741 0.07552083333333333 0.12777777777777777
1 0.89375 0.9152777777777777 0.09166666666666666 0.16574074074074074
1 0.53203125 0.9736111111111111 0.0796875 0.05092592592592592
1 0.4783854166666667 0.34675925925925927 0.03802083333333333 0.06388888888888888
1 0.4747395833333333 0.4981481481481482 0.05572916666666667 0.0962962962962963
1 0.6208333333333333 0.5546296296296296 0.05 0.11481481481481481
1 0.3723958333333333 0.37777777777777777 0.04583333333333333 0.053703703703703705
1 0.86953125 0.6712962962962963 0.08385416666666666 0.23333333333333334
1 0.5598958333333334 0.45416666666666666 0.04895833333333333 0.09537037037037037
1 0.8317708333333333 0.49074074074074076 0.051041666666666666 0.13333333333333333
1 0.6403645833333333 0.3592592592592593 0.0328125 0.05925925925925926
1 0.5408854166666667 0.3300925925925926 0.04010416666666667 0.06574074074074074
1 0.5375 0.2537037037037037 0.023958333333333335 0.03518518518518519
1 0.6416666666666667 0.29953703703703705 0.025 0.04351851851851852
1 0.5065104166666666 0.2111111111111111 0.021354166666666667 0.027777777777777776
1 0.38697916666666665 0.2657407407407407 0.06458333333333334 0.08518518518518518
1 0.621875 0.22037037037037038 0.019791666666666666 0.040740740740740744
1 0.5661458333333333 0.20092592592592592 0.016666666666666666 0.027777777777777776
1 0.58359375 0.22962962962962963 0.022395833333333334 0.040740740740740744
1 0.5997395833333333 0.19583333333333333 0.0203125 0.03981481481481482
1 0.43203125 0.23796296296296296 0.0234375 0.03518518518518519
1 0.5838541666666667 0.1712962962962963 0.014583333333333334 0.025925925925925925
1 0.46484375 0.2212962962962963 0.027604166666666666 0.044444444444444446
1 0.6307291666666667 0.18333333333333332 0.01875 0.05
1 0.6151041666666667 0.1625 0.013541666666666667 0.021296296296296296
1 0.6541666666666667 0.1962962962962963 0.023958333333333335 0.02962962962962963
1 0.6177083333333333 0.07731481481481481 0.0125 0.019444444444444445
1 0.6598958333333333 0.1537037037037037 0.0125 0.024074074074074074
1 0.7984375 0.3125 0.019791666666666666 0.026851851851851852
1 0.4002604166666667 0.24537037037037038 0.0390625 0.044444444444444446
1 0.6385416666666667 0.14907407407407408 0.021875 0.03888888888888889
1 0.6661458333333333 0.07685185185185185 0.011458333333333333 0.024074074074074074
1 0.5947916666666667 0.15601851851851853 0.0125 0.023148148148148147
1 0.33596875 0.3569629629629629 0.05572916666666667 0.07757407407407407
1 0.6497395833333334 0.22685185185185186 0.025520833333333333 0.037037037037037035
1 0.5393229166666667 0.1837962962962963 0.0140625 0.028703703703703703
2 0.21145833333333333 0.4273148148148148 0.017708333333333333 0.04351851851851852
2 0.45208333333333334 0.4476851851851852 0.01875 0.06018518518518518
2 0.12708333333333333 0.5282407407407408 0.023958333333333335 0.03981481481481482
2 0.26901041666666664 0.47685185185185186 0.024479166666666666 0.044444444444444446
3 0.5955729166666667 0.300462962962963 0.0515625 0.125
1 0.6047708333333334 0.1351111111111111 0.011364583333333334 0.01737962962962963
1 0.6254531249999999 0.13534259259259257 0.010744791666666666 0.016898148148148148
1 0.6301197916666667 0.12276851851851853 0.009578125 0.016953703703703703
1 0.6158645833333334 0.11822222222222223 0.010984375 0.01812037037037037
1 0.5625312499999999 0.1521111111111111 0.016098958333333333 0.019657407407407408
1 0.6455729166666667 0.12152777777777778 0.010052083333333333 0.020055555555555556
1 0.6611510416666667 0.13294444444444445 0.011286458333333334 0.019564814814814813
1 0.6346822916666667 0.11035185185185185 0.008734374999999999 0.013583333333333333
1 0.6239322916666666 0.10278703703703704 0.010848958333333332 0.015231481481481481
1 0.649875 0.10981481481481481 0.010776041666666668 0.01902777777777778
1 0.662203125 0.11448148148148148 0.00971875 0.015305555555555557
1 0.6371145833333334 0.1014537037037037 0.008869791666666666 0.01163888888888889
1 0.630859375 0.0878425925925926 0.009484375 0.012407407407407407
1 0.6379583333333334 0.091 0.010041666666666667 0.012194444444444444
1 0.6640364583333334 0.10362962962962963 0.009708333333333334 0.013194444444444444
1 0.57890625 0.13171296296296298 0.012114583333333335 0.01711111111111111
1 0.5477083333333332 0.1288888888888889 0.012697916666666666 0.013314814814814816
2 0.4546458333333333 0.26084259259259257 0.014984375 0.02437962962962963
3 0.22790625 0.9547037037037036 0.13004166666666667 0.0905925925925926