1 0.6700520833333333 0.24351851851851852 0.028645833333333332 0.03333333333333333
1 0.35494791666666664 0.8865740740740741 0.20885416666666667 0.22314814814814815
1 0.7466145833333333 0.24259259259259258 0.0234375 0.037037037037037035
3 0.8371510416666667 0.30092592592592593 0.028125 0.053703703703703705
1 0.8544270833333333 0.21851851851851853 0.016145833333333335 0.024074074074074074
1 0.45260416666666664 0.17962962962962964 0.03333333333333333 0.025925925925925925
3 0.8151041666666666 0.21574074074074073 0.017708333333333333 0.037037037037037035
1 0.76171875 0.18611111111111112 0.015104166666666667 0.020370370370370372
1 0.7557291666666667 0.11481481481481481 0.016666666666666666 0.012962962962962963
2 0.8211822916666667 0.18826851851851853 0.008682291666666704 0.018518518518518517
1 0.7919270833333333 0.12453703703703704 0.008854166666666666 0.012037037037037037
1 0.7703125 0.1597222222222222 0.014583333333333334 0.019444444444444445
1 0.77109375 0.13796296296296295 0.009895833333333333 0.014814814814814815
2 0.6979166666666666 0.22145370370370368 0.013890625000000038 0.02932407407407409
1 0.6658854166666667 0.1625 0.019270833333333334 0.019444444444444445
1 0.7833333333333333 0.12916666666666668 0.008333333333333333 0.012037037037037037
1 0.7661458333333333 0.1685185185185185 0.010416666666666666 0.018518518518518517