3 0.05026041666666667 0.4152777777777778 0.09947916666666666 0.09351851851851851
3 0.6791666666666667 0.7731481481481481 0.28020833333333334 0.44814814814814813
3 0.3770833333333333 0.25092592592592594 0.06458333333333334 0.07962962962962963
3 0.86015625 0.23564814814814813 0.019270833333333334 0.04537037037037037
3 0.7989583333333333 0.2175925925925926 0.01875 0.046296296296296294
1 0.47760416666666666 0.6912037037037037 0.13229166666666667 0.1675925925925926
1 0.7619791666666667 0.3976851851851852 0.042708333333333334 0.06018518518518518
1 0.4515625 0.4703703703703704 0.08854166666666667 0.08518518518518518
1 0.20703125 0.7930555555555555 0.16510416666666666 0.19907407407407407
1 0.33619791666666665 0.46805555555555556 0.0890625 0.09351851851851851
1 0.7020833333333333 0.3148148148148148 0.036458333333333336 0.046296296296296294
1 0.31171875 0.3509259259259259 0.07447916666666667 0.07592592592592592
1 0.55703125 0.44537037037037036 0.0921875 0.12037037037037036
1 0.415625 0.2662037037037037 0.05416666666666667 0.06018518518518518
1 0.67265625 0.24166666666666667 0.027604166666666666 0.03333333333333333
1 0.7567708333333333 0.1875 0.015625 0.023148148148148147
1 0.4453125 0.1884259259259259 0.03229166666666667 0.03611111111111111
1 0.26015625 0.3435185185185185 0.0703125 0.06851851851851852
1 0.19401041666666666 0.2773148148148148 0.0421875 0.04351851851851852
3 0.5057291666666667 0.21064814814814814 0.034375 0.03796296296296296
1 0.8057291666666667 0.18935185185185185 0.0125 0.019444444444444445
1 0.684375 0.16805555555555557 0.026041666666666668 0.025
1 0.75078125 0.16296296296296298 0.011979166666666667 0.016666666666666666
1 0.7799479166666666 0.1337962962962963 0.0078125 0.01574074074074074
1 0.8213541666666667 0.15833333333333333 0.009375 0.018518518518518517
1 0.6606770833333333 0.16342592592592592 0.011979166666666667 0.017592592592592594
1 0.7872395833333333 0.15046296296296297 0.008854166666666666 0.013888888888888888
1 0.81796875 0.14212962962962963 0.0078125 0.013888888888888888
1 0.76875 0.13425925925925927 0.009375 0.014814814814814815
1 0.7552083333333334 0.13842592592592592 0.008333333333333333 0.01574074074074074
1 0.7513020833333334 0.12777777777777777 0.008854166666666666 0.012962962962962963
1 0.8020833333333334 0.13518518518518519 0.007291666666666667 0.012962962962962963
2 0.20328124999999997 0.2839351851851852 0.01700520833333332 0.03958333333333333
2 0.266234375 0.2619814814814815 0.015791666666666662 0.03599074074074075
2 0.32453124999999994 0.21339814814814814 0.01821875000000001 0.0352685185185185
0 0.59071875 0.16446296296296298 0.04939062499999996 0.0496574074074074
3 0.7950052083333333 0.11950000000000001 0.012864583333333238 0.018481481481481477
3 0.7766770833333333 0.11496296296296296 0.006166666666666742 0.00939814814814814
3 0.767515625 0.12169444444444445 0.006869791666666695 0.01221296296296296
2 0.762671875 0.12889814814814815 0.0028177083333332576 0.010333333333333356