3 0.7239583333333334 0.26342592592592595 0.09791666666666667 0.08055555555555556
1 0.19453125 0.30648148148148147 0.028645833333333332 0.044444444444444446
1 0.32864583333333336 0.2833333333333333 0.0375 0.046296296296296294
1 0.7049479166666667 0.5842592592592593 0.12760416666666666 0.12962962962962962
3 0.28177083333333336 0.29074074074074074 0.035416666666666666 0.05185185185185185
1 0.3125 0.23657407407407408 0.029166666666666667 0.032407407407407406
1 0.15989583333333332 0.20601851851851852 0.015625 0.021296296296296296
1 0.4453125 0.21296296296296297 0.027083333333333334 0.037037037037037035
1 0.5622395833333333 0.19305555555555556 0.04010416666666667 0.032407407407407406
1 0.19244791666666666 0.17314814814814813 0.011979166666666667 0.020370370370370372
1 0.26328125 0.18101851851851852 0.015104166666666667 0.023148148148148147
1 0.18125 0.15462962962962962 0.010416666666666666 0.014814814814814815
1 0.47239583333333335 0.17916666666666667 0.03125 0.026851851851851852
1 0.24947916666666667 0.1550925925925926 0.0125 0.019444444444444445
2 0.14895833333333333 0.23287037037037037 0.009375 0.023148148148148147
1 0.2 0.1398148148148148 0.010416666666666666 0.016666666666666666
1 0.34088541666666666 0.1597222222222222 0.0296875 0.025
1 0.3796875 0.16620370370370371 0.011458333333333333 0.021296296296296296
1 0.22291666666666668 0.13425925925925927 0.009375 0.012962962962962963
1 0.24043229166666666 0.13845370370370372 0.009421875 0.014407407407407409
1 0.23823958333333334 0.13008333333333333 0.008541666666666666 0.014018518518518519
1 0.23955729166666667 0.11605555555555556 0.005916666666666666 0.012462962962962964
1 0.24788020833333332 0.12014814814814814 0.007666666666666667 0.012074074074074074
1 0.22750520833333335 0.1220925925925926 0.008541666666666666 0.008953703703703703