1 0.5580729166666667 0.3773148148148148 0.05677083333333333 0.06388888888888888
1 0.7372395833333333 0.34120370370370373 0.0390625 0.06018518518518518
1 0.5028645833333333 0.25462962962962965 0.043229166666666666 0.04259259259259259
1 0.28046875 0.37407407407407406 0.07864583333333333 0.07037037037037037
1 0.7611979166666667 0.26851851851851855 0.024479166666666666 0.037037037037037035
1 0.66875 0.24166666666666667 0.028125 0.03518518518518519
1 0.3763020833333333 0.28379629629629627 0.058854166666666666 0.06574074074074074
1 0.32057291666666665 0.2439814814814815 0.044270833333333336 0.041666666666666664
1 0.8208333333333333 0.24722222222222223 0.019791666666666666 0.03148148148148148
1 0.734375 0.21666666666666667 0.020833333333333332 0.02962962962962963
1 0.8229166666666666 0.20694444444444443 0.013541666666666667 0.023148148148148147
1 0.7893229166666667 0.22407407407407406 0.018229166666666668 0.02962962962962963
1 0.5848958333333333 0.1986111111111111 0.026041666666666668 0.028703703703703703
1 0.035416666666666666 0.3162037037037037 0.06354166666666666 0.06759259259259259
1 0.8041666666666667 0.15925925925925927 0.009375 0.018518518518518517
1 0.76953125 0.15925925925925927 0.009895833333333333 0.018518518518518517
1 0.6111979166666667 0.2064814814814815 0.028645833333333332 0.03148148148148148
2 0.8112812500000001 0.14926851851851852 0.004791666666666572 0.015027777777777794
1 0.7986979166666667 0.13287037037037036 0.0078125 0.012037037037037037
1 0.80078125 0.18101851851851852 0.0109375 0.017592592592592594
1 0.42239583333333336 0.18518518518518517 0.028125 0.027777777777777776
1 0.77578125 0.12685185185185185 0.0067708333333333336 0.014814814814814815
1 0.75234375 0.15648148148148147 0.0109375 0.018518518518518517
1 0.6859375 0.1625 0.0125 0.01574074074074074
1 0.7708333333333334 0.11157407407407408 0.00625 0.010185185185185186
1 0.6684895833333333 0.17731481481481481 0.016145833333333335 0.019444444444444445
1 0.7643229166666666 0.12777777777777777 0.0067708333333333336 0.012962962962962963
1 0.753125 0.13796296296296295 0.008333333333333333 0.018518518518518517
1 0.7716145833333333 0.14027777777777778 0.008854166666666666 0.013888888888888888
3 0.4568072916666666 0.2119814814814815 0.09010416666666667 0.09444444444444444
2 0.34807812499999996 0.21783333333333332 0.019041666666666637 0.0393425925925926
1 0.5365260416666667 0.16428703703703704 0.027796874999999943 0.03366666666666668
3 0.8136510416666667 0.12991666666666668 0.014156249999999915 0.024537037037037038
1 0.7528541666666667 0.11864814814814814 0.008822916666666696 0.012611111111111115