0 0.5424479166666667 0.21296296296296297 0.09010416666666667 0.09444444444444444
1 0.44192708333333336 0.3773148148148148 0.05677083333333333 0.06388888888888888
1 0.26276041666666666 0.34120370370370373 0.0390625 0.06018518518518518
1 0.49713541666666666 0.25462962962962965 0.043229166666666666 0.04259259259259259
1 0.71953125 0.37407407407407406 0.07864583333333333 0.07037037037037037
1 0.23880208333333333 0.26851851851851855 0.024479166666666666 0.037037037037037035
1 0.33125 0.24166666666666667 0.028125 0.03518518518518519
1 0.6236979166666666 0.28379629629629627 0.058854166666666666 0.06574074074074074
1 0.6794270833333333 0.2439814814814815 0.044270833333333336 0.041666666666666664
1 0.17916666666666667 0.24722222222222223 0.019791666666666666 0.03148148148148148
1 0.265625 0.21666666666666667 0.020833333333333332 0.02962962962962963
1 0.17708333333333334 0.20694444444444443 0.013541666666666667 0.023148148148148147
1 0.21067708333333332 0.22407407407407406 0.018229166666666668 0.02962962962962963
1 0.41510416666666666 0.1986111111111111 0.026041666666666668 0.028703703703703703
1 0.9645833333333333 0.3162037037037037 0.06354166666666666 0.06759259259259259
1 0.19583333333333333 0.15925925925925927 0.009375 0.018518518518518517
1 0.23046875 0.15925925925925927 0.009895833333333333 0.018518518518518517
1 0.3888020833333333 0.2064814814814815 0.028645833333333332 0.03148148148148148
3 0.1855625 0.1307777777777778 0.012145833333333333 0.03119444444444444
1 0.20130208333333333 0.13287037037037036 0.0078125 0.012037037037037037
1 0.19921875 0.18101851851851852 0.0109375 0.017592592592592594
1 0.5776041666666667 0.18518518518518517 0.028125 0.027777777777777776
1 0.22421875 0.12685185185185185 0.0067708333333333336 0.014814814814814815
1 0.24765625 0.15648148148148147 0.0109375 0.018518518518518517
1 0.3140625 0.1625 0.0125 0.01574074074074074
1 0.22916666666666666 0.1111111111111111 0.00625 0.009259259259259259
1 0.33151041666666664 0.17731481481481481 0.016145833333333335 0.019444444444444445
1 0.23567708333333334 0.12777777777777777 0.0067708333333333336 0.012962962962962963
1 0.246875 0.13796296296296295 0.008333333333333333 0.018518518518518517
1 0.22838541666666667 0.14027777777777778 0.008854166666666666 0.013888888888888888
2 0.6498854166666667 0.21380555555555555 0.017447916666666667 0.044314814814814814
1 0.46203645833333334 0.1627685185185185 0.024296875 0.032796296296296296