1 0.3255208333333333 0.12175925925925926 0.03333333333333333 0.05277777777777778
1 0.14895833333333333 0.09814814814814815 0.017708333333333333 0.03148148148148148
1 0.20026041666666666 0.09027777777777778 0.021354166666666667 0.032407407407407406
1 0.17291666666666666 0.09675925925925925 0.017708333333333333 0.025
1 0.14036458333333332 0.0375 0.0109375 0.019444444444444445
1 0.16901041666666666 0.049074074074074076 0.011979166666666667 0.016666666666666666
1 0.30390625 0.2638888888888889 0.0453125 0.05
1 0.20572916666666666 0.03888888888888889 0.010416666666666666 0.014814814814814815
1 0.12950520833333334 0.020935185185185185 0.010416666666666666 0.012037037037037037
2 0.44505208333333335 0.2689814814814815 0.018229166666666668 0.049074074074074076
3 0.13072916666666667 0.31342592592592594 0.071875 0.24537037037037038
3 0.28489583333333335 0.3277777777777778 0.08854166666666667 0.17592592592592593
3 0.21822916666666667 0.18425925925925926 0.04895833333333333 0.0962962962962963
3 0.3620104166666666 0.1145925925925926 0.057765625 0.09074074074074075
3 0.2824375 0.0587962962962963 0.04763020833333333 0.04722222222222222
3 0.12053124999999999 0.024425925925925924 0.0140625 0.025
3 0.45530729166666667 0.21852777777777777 0.053125 0.05277777777777778
3 0.5373541666666667 0.24431481481481482 0.07239583333333334 0.10925925925925926
1 0.186640625 0.03353703703703704 0.010114583333333335 0.013796296296296296
3 0.18976041666666665 0.02138888888888889 0.012463541666666666 0.019740740740740743