1 0.04921875 0.8217592592592593 0.09739583333333333 0.19722222222222222
1 0.7119791666666667 0.38564814814814813 0.06354166666666666 0.10648148148148148
1 0.35130208333333335 0.45694444444444443 0.08177083333333333 0.10833333333333334
1 0.7755208333333333 0.12916666666666668 0.027083333333333334 0.03796296296296296
1 0.7341145833333333 0.06018518518518518 0.019270833333333334 0.027777777777777776
1 0.8309895833333333 0.055092592592592596 0.013020833333333334 0.017592592592592594
3 0.7848958333333333 0.03333333333333333 0.014583333333333334 0.022222222222222223
1 0.809375 0.0787037037037037 0.016666666666666666 0.018518518518518517
1 0.753125 0.04675925925925926 0.0125 0.01574074074074074
1 0.28828125 0.3768518518518518 0.04010416666666667 0.04259259259259259
1 0.8411458333333334 0.03981481481481482 0.0125 0.014814814814814815
1 0.9703125 0.11435185185185186 0.011458333333333333 0.025
1 0.8830729166666667 0.016203703703703703 0.008854166666666666 0.017592592592592594
1 0.8121562499999999 0.02188888888888889 0.006604166666666581 0.009925925925925925
1 0.796875 0.024537037037037038 0.009375 0.013888888888888888
2 0.44557291666666665 0.4115740740740741 0.0265625 0.05277777777777778
3 0.82890625 0.3476851851851852 0.049479166666666664 0.125
3 0.8104166666666667 0.12037037037037036 0.03333333333333333 0.07037037037037037
3 0.85703125 0.06944444444444445 0.0234375 0.053703703703703705
3 0.6768229166666667 0.07777777777777778 0.043229166666666666 0.05925925925925926
3 0.41458333333333336 0.3226851851851852 0.09895833333333333 0.14166666666666666
3 0.8434895833333333 0.14444444444444443 0.025520833333333333 0.05555555555555555
3 0.87846875 0.19464814814814818 0.043229166666666666 0.12592592592592594
3 0.8812135416666667 0.05332407407407408 0.019270833333333334 0.05
3 0.465625 0.22962962962962963 0.1 0.10555555555555556
2 0.858828125 0.036000000000000004 0.00735416666666661 0.017055555555555556
2 0.7910885416666666 0.04277777777777778 0.005739583333333324 0.015120370370370369
3 0.7750677083333334 0.027083333333333334 0.0132083333333334 0.02175925925925926
1 0.8184166666666667 0.018055555555555554 0.005276041666666723 0.007574074074074074