1 0.45677083333333335 0.7907407407407407 0.146875 0.2462962962962963
1 0.5927083333333333 0.45740740740740743 0.090625 0.12222222222222222
1 0.21666666666666667 0.1259259259259259 0.025 0.03518518518518519
1 0.11536458333333334 0.055092592592592596 0.011979166666666667 0.019444444444444445
1 0.17994791666666668 0.06527777777777778 0.015104166666666667 0.019444444444444445
1 0.2763541666666667 0.06544444444444444 0.03166145833333333 0.03796296296296296
1 0.153125 0.05740740740740741 0.013541666666666667 0.022222222222222223
3 0.304578125 0.07026851851851852 0.030421874999999998 0.04094444444444444
1 0.19479166666666667 0.03981481481481482 0.009375 0.014814814814814815
3 0.12313541666666666 0.03062037037037037 0.013427083333333334 0.028416666666666666
1 0.1296875 0.028703703703703703 0.008333333333333333 0.018518518518518517
2 0.4171875 0.24861111111111112 0.016666666666666666 0.03796296296296296
3 0.7807291666666667 0.5097222222222222 0.15833333333333333 0.22314814814814815
3 0.24375 0.44907407407407407 0.15625 0.4703703703703704
3 0.1265625 0.26342592592592595 0.05520833333333333 0.1712962962962963
3 0.14557291666666666 0.5787037037037037 0.0765625 0.2574074074074074
3 0.14947916666666666 0.09305555555555556 0.025 0.058333333333333334
3 0.42661458333333335 0.1862777777777778 0.12072916666666668 0.11818518518518518
2 0.246296875 0.06577777777777778 0.009234375 0.025935185185185186