1 0.4505208333333333 0.3912037037037037 0.10104166666666667 0.09537037037037037
1 0.79453125 0.2722222222222222 0.0265625 0.040740740740740744
1 0.5346354166666667 0.412962962962963 0.08385416666666666 0.0962962962962963
1 0.73125 0.2726851851851852 0.036458333333333336 0.049074074074074076
1 0.2986979166666667 0.3236111111111111 0.0828125 0.062037037037037036
1 0.521875 0.23287037037037037 0.057291666666666664 0.04351851851851852
1 0.6630208333333333 0.20787037037037037 0.03125 0.032407407407407406
1 0.30130208333333336 0.2611111111111111 0.07135416666666666 0.04259259259259259
1 0.42083333333333334 0.2412037037037037 0.028125 0.032407407407407406
1 0.7981770833333334 0.19212962962962962 0.021354166666666667 0.028703703703703703
1 0.013020833333333334 0.42777777777777776 0.026041666666666668 0.05185185185185185
1 0.8411458333333334 0.18472222222222223 0.036458333333333336 0.049074074074074076
1 0.8877604166666667 0.17222222222222222 0.0640625 0.08888888888888889