1 0.18776041666666668 0.36666666666666664 0.0828125 0.06296296296296296
1 0.8072916666666666 0.3296296296296296 0.034375 0.07037037037037037
1 0.56953125 0.3189814814814815 0.06822916666666666 0.06574074074074074
1 0.8065104166666667 0.24953703703703703 0.024479166666666666 0.03611111111111111
1 0.6026041666666667 0.3574074074074074 0.06875 0.07962962962962963
1 0.740625 0.22824074074074074 0.028125 0.032407407407407406
1 0.5372395833333333 0.24305555555555555 0.05260416666666667 0.04351851851851852
1 0.5393229166666667 0.5078703703703704 0.04739583333333333 0.0824074074074074
1 0.20911458333333333 0.8851851851851852 0.0859375 0.13333333333333333
1 0.84296875 0.30092592592592593 0.015104166666666667 0.03333333333333333
1 0.696875 0.24768518518518517 0.034375 0.04351851851851852
1 0.8786458333333333 0.20324074074074075 0.01875 0.025
1 0.8268229166666666 0.20046296296296295 0.0171875 0.021296296296296296
1 0.84375 0.1699074074074074 0.035416666666666666 0.03981481481481482
1 0.3221822916666667 0.9722222222222222 0.133953125 0.05555555555555555