1 0.26848958333333334 0.5203703703703704 0.1140625 0.13148148148148148
1 0.6036458333333333 0.6564814814814814 0.1125 0.18703703703703703
1 0.24817708333333333 0.27546296296296297 0.0609375 0.05277777777777778
1 0.5770833333333333 0.3814814814814815 0.075 0.08148148148148149
1 0.653125 0.39861111111111114 0.07083333333333333 0.11203703703703703
1 0.778125 0.262037037037037 0.030208333333333334 0.046296296296296294
1 0.34401041666666665 0.29305555555555557 0.0765625 0.07685185185185185
1 0.7302083333333333 0.2310185185185185 0.026041666666666668 0.03611111111111111
1 0.54921875 0.21481481481481482 0.0453125 0.04814814814814815
1 0.7947916666666667 0.19212962962962962 0.016666666666666666 0.025
1 0.8661458333333333 0.21296296296296297 0.0125 0.022222222222222223
1 0.8518229166666667 0.2310185185185185 0.016145833333333335 0.025
1 0.6796875 0.1486111111111111 0.016666666666666666 0.019444444444444445
1 0.84765625 0.20185185185185187 0.015104166666666667 0.020370370370370372
3 0.5554739583333334 0.16904629629629628 0.0828125 0.06574074074074074
2 0.6890625 0.1614074074074074 0.008755208333333332 0.023138888888888886
1 0.8788541666666667 0.19087037037037036 0.01171875 0.022861111111111113