1 0.044270833333333336 0.6865740740740741 0.08854166666666667 0.15648148148148147
1 0.43125 0.28888888888888886 0.06458333333333334 0.05925925925925926
1 0.73203125 0.4527777777777778 0.0578125 0.09444444444444444
1 0.5091145833333334 0.35648148148148145 0.07552083333333333 0.08888888888888889
1 0.3296875 0.2439814814814815 0.052083333333333336 0.04351851851851852
1 0.7653645833333333 0.2949074074074074 0.03177083333333333 0.04722222222222222
1 0.63515625 0.3439814814814815 0.0578125 0.06944444444444445
1 0.8151041666666666 0.23981481481481481 0.021875 0.040740740740740744
1 0.6643229166666667 0.387037037037037 0.06614583333333333 0.10555555555555556
1 0.7505208333333333 0.25092592592592594 0.028125 0.046296296296296294
1 0.6958333333333333 0.24953703703703703 0.03333333333333333 0.03796296296296296
1 0.6453125 0.1875 0.029166666666666667 0.03611111111111111
1 0.6565104166666667 0.16342592592592592 0.019270833333333334 0.021296296296296296
1 0.8471354166666667 0.25 0.0140625 0.02962962962962963
1 0.7653645833333333 0.2212962962962963 0.024479166666666666 0.03333333333333333
1 0.85859375 0.2337962962962963 0.013020833333333334 0.023148148148148147
1 0.8700520833333333 0.1925925925925926 0.011979166666666667 0.022222222222222223
1 0.8044270833333333 0.18703703703703703 0.0140625 0.020370370370370372
1 0.8932968750000001 0.19377777777777777 0.010286458333333333 0.018222222222222223
1 0.73671875 0.18888888888888888 0.0328125 0.02962962962962963
3 0.47908333333333336 0.1879814814814815 0.08743229166666668 0.062037037037037036
1 0.8845 0.18074074074074073 0.008744791666666666 0.016842592592592593