1 0.38645833333333335 0.20787037037037037 0.029166666666666667 0.04351851851851852
1 0.575 0.2564814814814815 0.04375 0.06296296296296296
1 0.4140625 0.14583333333333334 0.019791666666666666 0.030555555555555555
1 0.34609375 0.13796296296296295 0.016145833333333335 0.025925925925925925
1 0.3932291666666667 0.09907407407407408 0.0125 0.020370370370370372
1 0.35260416666666666 0.10138888888888889 0.0125 0.021296296296296296
1 0.38697916666666665 0.08564814814814815 0.009375 0.019444444444444445
1 0.3809895833333333 0.06944444444444445 0.0109375 0.018518518518518517
1 0.3572916666666667 0.06435185185185185 0.00625 0.01574074074074074
3 0.4630208333333333 0.09444444444444444 0.021875 0.03518518518518519
3 0.5036458333333333 0.12824074074074074 0.03229166666666667 0.05092592592592592
3 0.3645833333333333 0.0837962962962963 0.013541666666666667 0.026851851851851852
1 0.36985416666666665 0.06398148148148147 0.007791666666666667 0.018537037037037036