1 0.46875 0.5467592592592593 0.084375 0.14907407407407408
1 0.28854166666666664 0.3819444444444444 0.053125 0.08611111111111111
1 0.4513020833333333 0.23796296296296296 0.0328125 0.046296296296296294
1 0.3328125 0.19675925925925927 0.028125 0.03981481481481482
1 0.38333333333333336 0.18194444444444444 0.022916666666666665 0.03425925925925926
1 0.41875 0.1597222222222222 0.01875 0.028703703703703703
1 0.37916666666666665 0.1398148148148148 0.016666666666666666 0.025925925925925925
1 0.38307291666666665 0.1087962962962963 0.011979166666666667 0.019444444444444445
1 0.3380208333333333 0.14907407407407408 0.017708333333333333 0.027777777777777776
1 0.375 0.09814814814814815 0.010416666666666666 0.018518518518518517
1 0.36822916666666666 0.06944444444444445 0.010416666666666666 0.024074074074074074
1 0.3494791666666667 0.0824074074074074 0.014583333333333334 0.02962962962962963
1 0.3919270833333333 0.09074074074074075 0.009895833333333333 0.022222222222222223
1 0.38203125 0.07083333333333333 0.0078125 0.017592592592592594
1 0.3497395833333333 0.11851851851851852 0.013020833333333334 0.024074074074074074
1 0.35699479166666664 0.06576851851851852 0.007473958333333333 0.01412037037037037
1 0.3799427083333333 0.06007407407407407 0.0069635416666666665 0.010888888888888889
1 0.368359375 0.04913888888888889 0.004494791666666667 0.007601851851851853
1 0.3613385416666667 0.057055555555555554 0.0055000000000000005 0.008574074074074074
1 0.3770104166666667 0.052287037037037035 0.004864583333333334 0.009814814814814814
1 0.37395833333333334 0.04755555555555555 0.0050260416666666665 0.009277777777777777
1 0.36071875000000003 0.046175925925925926 0.006354166666666666 0.007620370370370371
1 0.37351562499999996 0.040212962962962964 0.005817708333333334 0.009824074074074074