1 0.29010416666666666 0.3453703703703704 0.057291666666666664 0.08333333333333333
1 0.33307291666666666 0.21435185185185185 0.04010416666666667 0.04537037037037037
1 0.35833333333333334 0.15694444444444444 0.023958333333333335 0.03425925925925926
1 0.34869791666666666 0.13148148148148148 0.016145833333333335 0.025925925925925925
1 0.352390625 0.09483333333333334 0.015744791666666667 0.029361111111111112
1 0.3932291666666667 0.09814814814814815 0.014583333333333334 0.022222222222222223
1 0.37115625 0.1165462962962963 0.016572916666666666 0.019925925925925927
3 0.43125 0.35 0.10104166666666667 0.26851851851851855
1 0.38449479166666667 0.08062037037037037 0.011489583333333333 0.017018518518518516
1 0.370375 0.07525 0.010901041666666667 0.01423148148148148
1 0.36943750000000003 0.056657407407407406 0.0074531250000000005 0.013111111111111112