1 0.7619791666666667 0.5157407407407407 0.09791666666666667 0.1537037037037037
1 0.29713541666666665 0.35694444444444445 0.050520833333333334 0.07685185185185185
1 0.3893229166666667 0.17453703703703705 0.021354166666666667 0.04537037037037037
1 0.42109375 0.16064814814814815 0.021354166666666667 0.030555555555555555
1 0.3796875 0.1476851851851852 0.017708333333333333 0.032407407407407406
1 0.3497395833333333 0.12546296296296297 0.015104166666666667 0.023148148148148147
1 0.37265625 0.08888888888888889 0.015104166666666667 0.03148148148148148
1 0.39427083333333335 0.09907407407407408 0.010416666666666666 0.018518518518518517
1 0.35453125 0.11169444444444444 0.010911458333333334 0.020203703703703703
1 0.38645833333333335 0.0824074074074074 0.010416666666666666 0.022222222222222223
1 0.34609375 0.1050925925925926 0.009895833333333333 0.017592592592592594
1 0.3567708333333333 0.0824074074074074 0.009375 0.014814814814814815
2 0.45598958333333334 0.3912037037037037 0.0265625 0.07314814814814814
3 0.679953125 0.733 0.24322916666666666 0.44814814814814813
3 0.31015625 0.20925925925925926 0.049479166666666664 0.09444444444444444
3 0.40729166666666666 0.1287037037037037 0.017708333333333333 0.03518518518518519
1 0.378140625 0.11787962962962963 0.016541666666666666 0.02485185185185185
1 0.38360416666666663 0.07189814814814816 0.008213541666666666 0.010787037037037038
3 0.354546875 0.06899074074074074 0.011869791666666666 0.0265
1 0.36976562500000004 0.06780555555555556 0.007885416666666667 0.009583333333333333
1 0.3796875 0.05957407407407408 0.007614583333333333 0.011296296296296296
1 0.36778125 0.05658333333333333 0.006848958333333334 0.00774074074074074