1 0.5518229166666667 0.4935185185185185 0.0890625 0.12962962962962962
1 0.5114583333333333 0.7939814814814815 0.13958333333333334 0.25833333333333336
1 0.40546875 0.24259259259259258 0.04114583333333333 0.05185185185185185
1 0.32395833333333335 0.2273148148148148 0.042708333333333334 0.05648148148148148
1 0.2716145833333333 0.4134259259259259 0.07552083333333333 0.10092592592592593
1 0.3497395833333333 0.12546296296296297 0.0171875 0.025
1 0.3419270833333333 0.16296296296296298 0.0234375 0.03518518518518519
1 0.3828125 0.1699074074074074 0.035416666666666666 0.04351851851851852
1 0.3875 0.07731481481481481 0.013541666666666667 0.023148148148148147
1 0.37526041666666665 0.10092592592592593 0.016145833333333335 0.020370370370370372
1 0.38177083333333334 0.13842592592592592 0.026041666666666668 0.041666666666666664
2 0.3974270833333333 0.11094444444444444 0.007927083333333333 0.017703703703703704
1 0.35951041666666667 0.07698148148148148 0.008458333333333333 0.013722222222222222
1 0.37181770833333333 0.0724537037037037 0.009895833333333333 0.012842592592592591
1 0.3723489583333333 0.060444444444444446 0.008510416666666666 0.011240740740740742