1 0.39947916666666666 0.23935185185185184 0.03333333333333333 0.05277777777777778
1 0.07369791666666667 0.9152777777777777 0.14635416666666667 0.16574074074074074
1 0.32916666666666666 0.2152777777777778 0.027083333333333334 0.04351851851851852
1 0.30052083333333335 0.33425925925925926 0.04895833333333333 0.07407407407407407
1 0.453125 0.11388888888888889 0.013541666666666667 0.022222222222222223
1 0.35494791666666664 0.12638888888888888 0.013020833333333334 0.023148148148148147
1 0.9783854166666667 0.28425925925925927 0.04114583333333333 0.046296296296296294
1 0.3865520833333333 0.0866574074074074 0.011651041666666667 0.02146296296296296
1 0.3692708333333333 0.06574074074074074 0.00625 0.016666666666666666
1 0.35703125 0.059722222222222225 0.0067708333333333336 0.012037037037037037
3 0.53040625 0.15263888888888888 0.036458333333333336 0.06851851851851852
3 0.35130208333333335 0.09444444444444444 0.018229166666666668 0.040740740740740744
2 0.361375 0.06873148148148149 0.004270833333333333 0.014222222222222221
1 0.3770208333333333 0.06132407407407408 0.008505208333333332 0.014064814814814815
1 0.3684895833333333 0.05441666666666667 0.005619791666666666 0.008037037037037037
0 0.36053125 0.04387037037037037 0.007473958333333333 0.017194444444444446