1 0.65546875 0.7851851851851852 0.14947916666666666 0.24814814814814815
1 0.19010416666666666 0.8435185185185186 0.1375 0.2722222222222222
1 0.459375 0.2662037037037037 0.041666666666666664 0.06388888888888888
1 0.42682291666666666 0.18888888888888888 0.0265625 0.03888888888888889
1 0.38697916666666665 0.20185185185185187 0.029166666666666667 0.05
1 0.33489583333333334 0.1625 0.021875 0.03611111111111111
1 0.4953125 0.16018518518518518 0.023958333333333335 0.040740740740740744
1 0.32526041666666666 0.24444444444444444 0.030729166666666665 0.04814814814814815
2 0.3921614583333334 0.16325925925925924 0.010927083333333334 0.03551851851851852
1 0.4109375 0.1361111111111111 0.015625 0.024074074074074074
1 0.35104166666666664 0.11481481481481481 0.013541666666666667 0.03333333333333333
1 0.47630208333333335 0.11712962962962963 0.016145833333333335 0.021296296296296296
1 0.3765625 0.12731481481481483 0.01875 0.04537037037037037
1 0.37109375 0.09907407407407408 0.0109375 0.018518518518518517
1 0.6372395833333333 0.09768518518518518 0.0171875 0.01574074074074074
1 0.39609375 0.12175925925925926 0.005729166666666666 0.021296296296296296
3 0.3533854166666667 0.06944444444444445 0.0109375 0.024074074074074074
1 0.35494791666666664 0.08657407407407407 0.0109375 0.019444444444444445
1 0.36493229166666663 0.08387037037037037 0.012052083333333333 0.019546296296296294
3 0.3702083333333333 0.06705555555555556 0.011020833333333334 0.029833333333333333
1 0.384375 0.07592592592592592 0.009375 0.018518518518518517
3 0.28359375 0.3375 0.09010416666666667 0.18981481481481483
3 0.5636354166666667 0.18424074074074073 0.053125 0.0824074074074074
1 0.596 0.08905555555555557 0.017630208333333335 0.023824074074074074