1 0.44817708333333334 0.4935185185185185 0.0890625 0.12962962962962962
1 0.48854166666666665 0.7939814814814815 0.13958333333333334 0.25833333333333336
1 0.59453125 0.24259259259259258 0.04114583333333333 0.05185185185185185
1 0.6760416666666667 0.2273148148148148 0.042708333333333334 0.05648148148148148
1 0.7283854166666667 0.4134259259259259 0.07552083333333333 0.10092592592592593
1 0.6502604166666667 0.12546296296296297 0.0171875 0.025
1 0.6580729166666667 0.16296296296296298 0.0234375 0.03518518518518519
1 0.6171875 0.1699074074074074 0.035416666666666666 0.04351851851851852
1 0.6125 0.07731481481481481 0.013541666666666667 0.023148148148148147
1 0.6247395833333333 0.10092592592592593 0.016145833333333335 0.020370370370370372
1 0.6182291666666667 0.13842592592592592 0.026041666666666668 0.041666666666666664
2 0.6025729166666667 0.11094444444444444 0.007927083333333229 0.017703703703703708
1 0.6404895833333334 0.07698148148148148 0.008458333333333219 0.013722222222222216
1 0.6281822916666667 0.0724537037037037 0.009895833333333333 0.012842592592592596
1 0.6276510416666667 0.060444444444444446 0.008510416666666742 0.011240740740740735