1 0.6122395833333333 0.8189814814814815 0.1140625 0.14537037037037037
1 0.9169270833333333 0.962037037037037 0.12864583333333332 0.07407407407407407
1 0.7203125 0.7824074074074074 0.11666666666666667 0.1388888888888889
1 0.3111979166666667 0.5148148148148148 0.050520833333333334 0.07777777777777778
1 0.24739583333333334 0.5236111111111111 0.046875 0.07314814814814814
1 0.4044270833333333 0.5324074074074074 0.059895833333333336 0.07962962962962963
1 0.5658854166666667 0.6092592592592593 0.0890625 0.1037037037037037
1 0.38177083333333334 0.4115740740740741 0.040625 0.049074074074074076
1 0.7151041666666667 0.5314814814814814 0.06666666666666667 0.07592592592592592
1 0.21354166666666666 0.4398148148148148 0.035416666666666666 0.053703703703703705
1 0.46145833333333336 0.49074074074074076 0.058333333333333334 0.07037037037037037
1 0.33203125 0.3439814814814815 0.0328125 0.041666666666666664
1 0.32916666666666666 0.4083333333333333 0.042708333333333334 0.06851851851851852
1 0.29635416666666664 0.3050925925925926 0.023958333333333335 0.030555555555555555
1 0.2953125 0.3699074074074074 0.040625 0.06018518518518518
1 0.7705729166666667 0.4287037037037037 0.027604166666666666 0.03888888888888889
1 0.5510677083333333 0.3186759259259259 0.028645833333333332 0.037037037037037035
1 0.27239583333333334 0.33194444444444443 0.03125 0.05092592592592592
1 0.15390625 0.2796296296296296 0.016145833333333335 0.024074074074074074
1 0.21432291666666667 0.2875 0.0203125 0.03611111111111111
1 0.24583333333333332 0.2875 0.01875 0.026851851851851852
1 0.27109375 0.2773148148148148 0.018229166666666668 0.028703703703703703
1 0.2578125 0.31203703703703706 0.020833333333333332 0.03333333333333333
0 0.37935416666666666 0.22868518518518519 0.042333333333333334 0.05375
1 0.17682291666666666 0.2726851851851852 0.0140625 0.023148148148148147
1 0.17790104166666668 0.2383796296296296 0.013791666666666667 0.015277777777777777
1 0.17734375 0.22268518518518518 0.011979166666666667 0.019444444444444445
1 0.18567708333333333 0.3212962962962963 0.021354166666666667 0.03518518518518519
1 0.20598958333333334 0.2 0.009895833333333333 0.018518518518518517
1 0.26328125 0.2601851851851852 0.013020833333333334 0.022222222222222223
1 0.4513020833333333 0.9787037037037037 0.09322916666666667 0.03888888888888889
1 0.3494791666666667 0.26051851851851854 0.030208333333333334 0.022222222222222223
1 0.196875 0.3509259259259259 0.022916666666666665 0.03888888888888889
1 0.17734375 0.2513888888888889 0.0140625 0.019444444444444445
1 0.20651041666666667 0.26944444444444443 0.015104166666666667 0.027777777777777776
1 0.16927083333333334 0.2023148148148148 0.008333333333333333 0.01574074074074074
1 0.16328125 0.21203703703703702 0.009895833333333333 0.018518518518518517
1 0.20208333333333334 0.24861111111111112 0.013541666666666667 0.025
1 0.2513020833333333 0.24537037037037038 0.015104166666666667 0.022222222222222223
2 0.22213541666666667 0.31805555555555554 0.0078125 0.028703703703703703
3 0.18072916666666666 0.5416666666666666 0.06145833333333333 0.16111111111111112
1 0.1821875 0.20572222222222222 0.008979166666666667 0.01561111111111111
3 0.23432812500000003 0.2566574074074074 0.023880208333333333 0.04802777777777777
1 0.22371354166666665 0.2495277777777778 0.010682291666666668 0.022351851851851852
1 0.22350520833333334 0.23105555555555554 0.014010416666666666 0.0187037037037037
1 0.24352604166666666 0.22399999999999998 0.015520833333333334 0.025527777777777778
1 0.22243749999999998 0.21214814814814814 0.012947916666666667 0.01990740740740741
1 0.187046875 0.19250925925925927 0.011744791666666667 0.015833333333333335
3 0.1712395833333333 0.1913888888888889 0.013848958333333333 0.023101851851851853
1 0.24056770833333332 0.2064814814814815 0.011208333333333332 0.015231481481481481
1 0.22448958333333333 0.1960925925925926 0.010088541666666668 0.012537037037037036