1 0.29973958333333334 0.7703703703703704 0.11614583333333334 0.12777777777777777
1 0.7734375 0.3023148148148148 0.019791666666666666 0.030555555555555555
1 0.5606770833333333 0.32083333333333336 0.03177083333333333 0.041666666666666664
1 0.65390625 0.25787037037037036 0.0328125 0.03425925925925926
1 0.7729166666666667 0.24537037037037038 0.0125 0.020370370370370372
1 0.57578125 0.21851851851851853 0.0171875 0.025925925925925925
1 0.21744791666666666 0.40555555555555556 0.021354166666666667 0.025925925925925925
1 0.30182291666666666 0.375 0.0203125 0.024074074074074074
1 0.75859375 0.22314814814814815 0.0109375 0.020370370370370372
1 0.08645833333333333 0.46805555555555556 0.08645833333333333 0.058333333333333334
1 0.5447916666666667 0.2412037037037037 0.021875 0.026851851851851852
1 0.7642395833333333 0.17789814814814814 0.008812500000000037 0.01329629629629631
1 0.7583333333333333 0.16296296296296298 0.0125 0.014814814814814815
1 0.6768229166666667 0.22037037037037038 0.021354166666666667 0.03333333333333333
1 0.7979166666666667 0.16666666666666666 0.009375 0.016666666666666666
3 0.7982499999999999 0.24131481481481482 0.021755208333333324 0.043814814814814834
1 0.81640625 0.17407407407407408 0.0109375 0.014814814814814815
1 0.02734375 0.6569444444444444 0.0515625 0.09907407407407408
1 0.9125 0.3638888888888889 0.014583333333333334 0.027777777777777776
2 0.8459375 0.2783703703703704 0.011234375000000085 0.02637962962962964
1 0.7115156250000001 0.21092592592592593 0.013567708333333428 0.020370370370370372
1 0.6095104166666666 0.19651851851851854 0.025802083333333316 0.041629629629629614