1 0.7411458333333333 0.8226851851851852 0.078125 0.14351851851851852
1 0.5497395833333333 0.48564814814814816 0.059895833333333336 0.0712962962962963
1 0.47213541666666664 0.39675925925925926 0.0390625 0.05277777777777778
1 0.7734375 0.2523148148148148 0.015625 0.025
1 0.8171875 0.30462962962962964 0.015625 0.03333333333333333
1 0.8447916666666667 0.2412037037037037 0.011458333333333333 0.017592592592592594
1 0.7643229166666666 0.1962962962962963 0.009895833333333333 0.024074074074074074
1 0.8270833333333333 0.19398148148148148 0.008333333333333333 0.012037037037037037
1 0.7619791666666667 0.21435185185185185 0.008333333333333333 0.013888888888888888
2 0.7813020833333333 0.22953703703703704 0.005208333333333333 0.014814814814814815
1 0.8058489583333334 0.1775 0.007067708333333419 0.012324074074074076
1 0.8140625 0.1875 0.007291666666666667 0.012037037037037037
3 0.8356770833333333 0.45601851851851855 0.0453125 0.1287037037037037
3 0.7052083333333333 0.4791666666666667 0.042708333333333334 0.075
3 0.6275729166666667 0.5806388888888889 0.1207708333333334 0.23315740740740737