1 0.21510416666666668 0.42824074074074076 0.03229166666666667 0.05092592592592592
1 0.23984375 0.274537037037037 0.018229166666666668 0.028703703703703703
1 0.54453125 0.2902777777777778 0.0265625 0.03796296296296296
1 0.15078125 0.3236111111111111 0.021354166666666667 0.03981481481481482
2 0.22227083333333333 0.6474629629629629 0.016666666666666666 0.06018518518518518
1 0.18177083333333333 0.23564814814814813 0.0125 0.017592592592592594
3 0.16953125 0.20092592592592592 0.016145833333333335 0.03518518518518519
1 0.25104166666666666 0.23981481481481481 0.015625 0.020370370370370372
1 0.40911458333333334 0.21157407407407408 0.018229166666666668 0.026851851851851852
2 0.196875 0.3384259259259259 0.009375 0.032407407407407406
1 0.446875 0.2263888888888889 0.022916666666666665 0.032407407407407406
1 0.23535416666666667 0.1747314814814815 0.009296875000000001 0.011648148148148149
1 0.22265625 0.22777777777777777 0.011979166666666667 0.018518518518518517
1 0.22038020833333333 0.2095 0.011588541666666667 0.010638888888888889
1 0.1859375 0.17592592592592593 0.007291666666666667 0.012962962962962963
1 0.23854166666666668 0.1912037037037037 0.008333333333333333 0.013888888888888888
1 0.15479166666666666 0.24783333333333335 0.012614583333333334 0.017305555555555557
3 0.2578125 0.031018518518518518 0.034375 0.05648148148148148
1 0.38874479166666664 0.19468518518518518 0.017505208333333334 0.02287037037037037
2 0.17544791666666668 0.26966666666666667 0.007953125 0.02362962962962963
1 0.22565104166666666 0.19812037037037036 0.012104166666666666 0.013481481481481481