1 0.7419270833333333 0.7902777777777777 0.11197916666666667 0.1287037037037037
1 0.46458333333333335 0.49907407407407406 0.06041666666666667 0.06851851851851852
1 0.41354166666666664 0.9259259259259259 0.115625 0.14444444444444443
1 0.26223958333333336 0.5875 0.05572916666666667 0.08425925925925926
1 0.9322916666666666 0.9648148148148148 0.11979166666666667 0.06851851851851852
1 0.6885416666666667 0.4675925925925926 0.06145833333333333 0.06666666666666667
1 0.5778645833333333 0.6259259259259259 0.0828125 0.0962962962962963
1 0.39739583333333334 0.4300925925925926 0.046875 0.05277777777777778
1 0.409375 0.27870370370370373 0.028125 0.03148148148148148
1 0.49322916666666666 0.6412037037037037 0.09270833333333334 0.1398148148148148
1 0.3880208333333333 0.5226851851851851 0.0625 0.075
1 0.353125 0.587037037037037 0.05625 0.07777777777777778
1 0.21354166666666666 0.4009259259259259 0.029166666666666667 0.05
1 0.3453125 0.3648148148148148 0.034375 0.037037037037037035
1 0.28854166666666664 0.3625 0.03125 0.041666666666666664
1 0.30364583333333334 0.3143518518518518 0.026041666666666668 0.032407407407407406
1 0.26979166666666665 0.3333333333333333 0.027083333333333334 0.03518518518518519
1 0.1515625 0.3541666666666667 0.020833333333333332 0.03611111111111111
1 0.15520833333333334 0.4212962962962963 0.027083333333333334 0.04814814814814815
1 0.7697916666666667 0.46574074074074073 0.0375 0.053703703703703705
1 0.19348958333333333 0.3560185185185185 0.022395833333333334 0.041666666666666664
1 0.2526041666666667 0.30787037037037035 0.022916666666666665 0.03425925925925926
1 0.17682291666666666 0.2652777777777778 0.013020833333333334 0.030555555555555555
1 0.15260416666666668 0.26481481481481484 0.013541666666666667 0.025925925925925925
1 0.14453125 0.3138888888888889 0.0171875 0.040740740740740744
1 0.16432291666666668 0.2152777777777778 0.009895833333333333 0.01574074074074074
1 0.14505208333333333 0.3037037037037037 0.0140625 0.022222222222222223
1 0.215625 0.30462962962962964 0.016666666666666666 0.040740740740740744
1 0.18020833333333333 0.32222222222222224 0.01875 0.04259259259259259
1 0.22526041666666666 0.24583333333333332 0.0140625 0.021296296296296296
3 0.6393229166666666 0.8282407407407407 0.14427083333333332 0.20462962962962963
3 0.33697916666666666 0.425462962962963 0.07395833333333333 0.12129629629629629
3 0.232421875 0.3225925925925926 0.031776041666666664 0.06894444444444443
1 0.28611458333333334 0.2954907407407407 0.024010416666666666 0.034555555555555555
1 0.274578125 0.2804074074074074 0.019307291666666667 0.028888888888888888
1 0.2676458333333333 0.2684444444444445 0.017921874999999997 0.02537037037037037
3 0.244203125 0.2835370370370371 0.025234375 0.025092592592592593
1 0.20345833333333332 0.2928148148148148 0.019453125 0.026287037037037036
1 0.2051875 0.27308333333333334 0.016020833333333335 0.022407407407407407
1 0.15226041666666665 0.2456388888888889 0.011875 0.021166666666666667
1 0.17733854166666668 0.24504629629629626 0.010848958333333332 0.01473148148148148
1 0.173828125 0.2365648148148148 0.010718749999999999 0.01877777777777778
1 0.17996875 0.22892592592592592 0.010864583333333334 0.019833333333333335
3 0.1831458333333333 0.21092592592592593 0.013276041666666665 0.024064814814814813
3 0.20160937499999998 0.22501851851851853 0.015098958333333332 0.02600925925925926
1 0.20038541666666668 0.24237037037037037 0.017572916666666667 0.015805555555555555
1 0.20175520833333332 0.25880555555555557 0.017359375 0.023592592592592592
1 0.238828125 0.2695833333333333 0.017078125 0.018583333333333334
1 0.235328125 0.255712962962963 0.016265625 0.01740740740740741
1 0.2606041666666667 0.25283333333333335 0.016953125 0.023898148148148148
1 0.2503125 0.24025925925925928 0.014744791666666666 0.0285
1 0.22316666666666668 0.22844444444444445 0.015895833333333335 0.018861111111111113
1 0.24410416666666668 0.22557407407407407 0.013473958333333334 0.020120370370370372
1 0.20284375 0.2053333333333333 0.013635416666666667 0.016388888888888887
3 0.20970833333333333 0.19006481481481483 0.012604166666666666 0.03017592592592593
1 0.22277604166666667 0.2136574074074074 0.012812500000000001 0.014953703703703702
1 0.24122395833333332 0.2158425925925926 0.010338541666666668 0.015833333333333335