1 0.25807291666666665 0.7902777777777777 0.11197916666666667 0.1287037037037037
1 0.5354166666666667 0.49907407407407406 0.06041666666666667 0.06851851851851852
1 0.5864583333333333 0.9259259259259259 0.115625 0.14444444444444443
1 0.7377604166666667 0.5875 0.05572916666666667 0.08425925925925926
1 0.06770833333333333 0.9648148148148148 0.11979166666666667 0.06851851851851852
1 0.31145833333333334 0.4675925925925926 0.06145833333333333 0.06666666666666667
1 0.42213541666666665 0.6259259259259259 0.0828125 0.0962962962962963
1 0.6026041666666667 0.4300925925925926 0.046875 0.05277777777777778
1 0.590625 0.27870370370370373 0.028125 0.03148148148148148
1 0.5067708333333333 0.6412037037037037 0.09270833333333334 0.1398148148148148
1 0.6119791666666666 0.5226851851851851 0.0625 0.075
1 0.646875 0.587037037037037 0.05625 0.07777777777777778
1 0.7864583333333334 0.4009259259259259 0.029166666666666667 0.05
1 0.6546875 0.3648148148148148 0.034375 0.037037037037037035
1 0.7114583333333333 0.3625 0.03125 0.041666666666666664
1 0.6963541666666667 0.3143518518518518 0.026041666666666668 0.032407407407407406
1 0.7302083333333333 0.3333333333333333 0.027083333333333334 0.03518518518518519
1 0.8484375 0.3541666666666667 0.020833333333333332 0.03611111111111111
1 0.8447916666666667 0.4212962962962963 0.027083333333333334 0.04814814814814815
1 0.23020833333333332 0.46574074074074073 0.0375 0.053703703703703705
1 0.8065104166666667 0.3560185185185185 0.022395833333333334 0.041666666666666664
1 0.7473958333333334 0.30787037037037035 0.022916666666666665 0.03425925925925926
1 0.8231770833333333 0.2652777777777778 0.013020833333333334 0.030555555555555555
1 0.8473958333333333 0.26481481481481484 0.013541666666666667 0.025925925925925925
1 0.85546875 0.3138888888888889 0.0171875 0.040740740740740744
1 0.8356770833333333 0.2152777777777778 0.009895833333333333 0.01574074074074074
1 0.8549479166666667 0.3037037037037037 0.0140625 0.022222222222222223
1 0.784375 0.30462962962962964 0.016666666666666666 0.040740740740740744
1 0.8197916666666667 0.32222222222222224 0.01875 0.04259259259259259
1 0.7747395833333334 0.24583333333333332 0.0140625 0.021296296296296296
3 0.3606770833333333 0.8282407407407407 0.14427083333333332 0.20462962962962963
3 0.6630208333333333 0.425462962962963 0.07395833333333333 0.12129629629629629
3 0.767578125 0.3225925925925926 0.03177604166666678 0.06894444444444447
1 0.7138854166666666 0.2954907407407407 0.02401041666666662 0.0345555555555556
1 0.725421875 0.2804074074074074 0.01930729166666675 0.028888888888888933
1 0.7323541666666666 0.2684444444444445 0.017921874999999924 0.02537037037037035
3 0.755796875 0.2835370370370371 0.025234374999999906 0.025092592592592614
1 0.7965416666666667 0.2928148148148148 0.019453124999999953 0.026287037037037025
1 0.7948125 0.27308333333333334 0.016020833333333446 0.02240740740740745
1 0.8477395833333333 0.2456388888888889 0.011875000000000096 0.02116666666666668
1 0.8226614583333334 0.24504629629629626 0.010848958333333296 0.014731481481481451
1 0.826171875 0.2365648148148148 0.010718749999999963 0.01877777777777775
1 0.82003125 0.22892592592592592 0.0108645833333334 0.01983333333333332
3 0.8168541666666668 0.21092592592592593 0.013276041666666552 0.024064814814814824
3 0.798390625 0.22501851851851853 0.01509895833333322 0.026009259259259235
1 0.7996145833333334 0.24237037037037037 0.017572916666666553 0.015805555555555576
1 0.7982447916666667 0.25880555555555557 0.01735937499999996 0.02359259259259261
1 0.761171875 0.2695833333333333 0.017078124999999982 0.01858333333333338
1 0.764671875 0.255712962962963 0.01626562500000001 0.017407407407407365
1 0.7393958333333333 0.25283333333333335 0.016953125000000093 0.0238981481481481
1 0.7496875000000001 0.24025925925925928 0.014744791666666639 0.028499999999999973
1 0.7768333333333334 0.22844444444444442 0.015895833333333324 0.01886111111111109
1 0.7558958333333333 0.22557407407407407 0.013473958333333277 0.020120370370370386
1 0.79715625 0.2053333333333333 0.013635416666666582 0.01638888888888888
3 0.7902916666666667 0.19006481481481483 0.012604166666666573 0.0301759259259259
1 0.7772239583333334 0.2136574074074074 0.012812499999999952 0.014953703703703683
1 0.7587760416666666 0.2158425925925926 0.01033854166666662 0.015833333333333355