1 0.25885416666666666 0.8226851851851852 0.078125 0.14351851851851852
1 0.45026041666666666 0.48564814814814816 0.059895833333333336 0.0712962962962963
1 0.5278645833333333 0.39675925925925926 0.0390625 0.05277777777777778
1 0.2265625 0.2523148148148148 0.015625 0.025
1 0.1828125 0.30462962962962964 0.015625 0.03333333333333333
1 0.15520833333333334 0.2412037037037037 0.011458333333333333 0.017592592592592594
1 0.23567708333333334 0.1962962962962963 0.009895833333333333 0.024074074074074074
1 0.17291666666666666 0.19398148148148148 0.008333333333333333 0.012037037037037037
1 0.23802083333333332 0.21435185185185185 0.008333333333333333 0.013888888888888888
2 0.21869791666666666 0.22953703703703704 0.005208333333333333 0.014814814814814815
1 0.19415104166666666 0.1775 0.007067708333333334 0.012324074074074074
1 0.1859375 0.1875 0.007291666666666667 0.012037037037037037
3 0.16432291666666668 0.45601851851851855 0.0453125 0.1287037037037037
3 0.2947916666666667 0.4791666666666667 0.042708333333333334 0.075
3 0.3724270833333333 0.5806388888888889 0.12077083333333333 0.2331574074074074