1 0.15 0.7245370370370371 0.08958333333333333 0.15092592592592594
1 0.45807291666666666 0.6532407407407408 0.09739583333333333 0.1398148148148148
1 0.5557291666666667 0.8217592592592593 0.06979166666666667 0.18425925925925926
1 0.39427083333333335 0.2611111111111111 0.03125 0.05185185185185185
1 0.5684895833333333 0.3435185185185185 0.04635416666666667 0.05555555555555555
1 0.5221354166666666 0.4199074074074074 0.0609375 0.075
1 0.44244791666666666 0.17592592592592593 0.034895833333333334 0.046296296296296294
1 0.5380208333333333 0.18101851851851852 0.025 0.04537037037037037
1 0.33958333333333335 0.37222222222222223 0.057291666666666664 0.06666666666666667
1 0.44140625 0.12824074074074074 0.0140625 0.023148148148148147
1 0.45420312500000004 0.11091666666666668 0.012572916666666666 0.015203703703703705
1 0.5020364583333333 0.060472222222222226 0.008151041666666668 0.012444444444444444
1 0.4695520833333333 0.10097222222222221 0.014859375000000001 0.02540740740740741
1 0.47581770833333337 0.07594444444444444 0.013333333333333334 0.016999999999999998
1 0.48356770833333335 0.06300925925925925 0.01096875 0.013527777777777777
1 0.5243229166666666 0.09149074074074075 0.021864583333333333 0.025842592592592594
1 0.5160677083333334 0.06656481481481481 0.012098958333333333 0.014388888888888889
1 0.4881145833333333 0.038675925925925926 0.008630208333333333 0.012768518518518518
1 0.498875 0.03837037037037037 0.007895833333333333 0.011648148148148149
1 0.5270052083333333 0.12475925925925926 0.02440625 0.033879629629629635