1 0.6588541666666666 0.8189814814814815 0.08229166666666667 0.17685185185185184
1 0.5861979166666667 0.42268518518518516 0.04114583333333333 0.06759259259259259
1 0.5213541666666667 0.462037037037037 0.042708333333333334 0.09074074074074075
1 0.3924479166666667 0.20416666666666666 0.033854166666666664 0.06388888888888888
1 0.47421875 0.1412037037037037 0.019270833333333334 0.04351851851851852
1 0.44973958333333336 0.13148148148148148 0.0140625 0.022222222222222223
1 0.34296875 0.43287037037037035 0.050520833333333334 0.07314814814814814
1 0.4833385416666667 0.09465740740740741 0.010328124999999999 0.01813888888888889
1 0.5020833333333333 0.09537037037037037 0.010416666666666666 0.022222222222222223
1 0.5122395833333333 0.05787037037037037 0.0078125 0.013888888888888888
3 0.4591145833333333 0.08888888888888889 0.019270833333333334 0.040740740740740744
2 0.49829687500000003 0.10110185185185185 0.006203125 0.020092592592592592
2 0.4860052083333333 0.10177777777777777 0.005630208333333333 0.01962037037037037
1 0.4817604166666667 0.08309259259259259 0.012276041666666666 0.01961111111111111
3 0.48654166666666665 0.06648148148148147 0.014869791666666667 0.03464814814814815
1 0.5033385416666667 0.07562037037037037 0.010354166666666666 0.018407407407407407
1 0.5014427083333334 0.06468518518518518 0.008052083333333333 0.011592592592592592
1 0.49877083333333333 0.05252777777777778 0.006942708333333334 0.011620370370370371
1 0.49393750000000003 0.04439814814814815 0.005505208333333333 0.011296296296296296