1 0.5059895833333333 0.2740740740740741 0.024479166666666666 0.044444444444444446
1 0.2708333333333333 0.45185185185185184 0.057291666666666664 0.08148148148148149
1 0.37161458333333336 0.25925925925925924 0.033854166666666664 0.06111111111111111
1 0.5776041666666667 0.47962962962962963 0.04583333333333333 0.07777777777777778
1 0.44114583333333335 0.12824074074074074 0.014583333333333334 0.023148148148148147
1 0.15598958333333332 0.9550925925925926 0.12135416666666667 0.08611111111111111
1 0.47578125 0.08611111111111111 0.009895833333333333 0.018518518518518517
1 0.44635416666666666 0.4162037037037037 0.03958333333333333 0.06759259259259259
1 0.48541666666666666 0.08009259259259259 0.008333333333333333 0.013888888888888888
1 0.503125 0.11435185185185186 0.011458333333333333 0.017592592592592594
1 0.5010416666666667 0.07407407407407407 0.008333333333333333 0.016666666666666666
1 0.48711458333333335 0.054064814814814816 0.008333333333333333 0.014814814814814815
1 0.48828125 0.030555555555555555 0.0078125 0.014814814814814815
1 0.5111979166666667 0.05925925925925926 0.008854166666666666 0.018518518518518517
1 0.49906770833333336 0.03960185185185185 0.00625 0.012027777777777778
1 0.5010989583333333 0.06355555555555556 0.008958333333333334 0.016407407407407405
1 0.49864583333333334 0.054953703703703706 0.00840625 0.011833333333333333
1 0.4891510416666666 0.04625925925925926 0.007854166666666667 0.01175925925925926