1 0.5927083333333333 0.47685185185185186 0.04583333333333333 0.07037037037037037
1 0.2916666666666667 0.4009259259259259 0.05 0.06851851851851852
1 0.08203125 0.8203703703703704 0.1109375 0.17962962962962964
1 0.5169270833333334 0.29259259259259257 0.0296875 0.05740740740740741
1 0.37005208333333334 0.3675925925925926 0.05364583333333333 0.1037037037037037
1 0.4236979166666667 0.2324074074074074 0.028645833333333332 0.05185185185185185
1 0.43723958333333335 0.1449074074074074 0.019270833333333334 0.03425925925925926
1 0.41171875 0.19537037037037036 0.022395833333333334 0.03333333333333333
1 0.475 0.1550925925925926 0.016666666666666666 0.030555555555555555
1 0.5083333333333333 0.20324074074074075 0.01875 0.026851851851851852
1 0.5026041666666666 0.1125 0.011458333333333333 0.019444444444444445
1 0.484375 0.08194444444444444 0.009375 0.017592592592592594
1 0.4747395833333333 0.07222222222222222 0.008854166666666666 0.012962962962962963
1 0.49895833333333334 0.04351851851851852 0.007291666666666667 0.012962962962962963
1 0.7229166666666667 0.4393518518518518 0.03229166666666667 0.05092592592592592
1 0.48880208333333336 0.031018518518518518 0.0078125 0.013888888888888888
1 0.48098958333333336 0.06620370370370371 0.0078125 0.01574074074074074
3 0.28880208333333335 0.5995370370370371 0.08385416666666666 0.16203703703703703