1 0.6638020833333333 0.3175925925925926 0.022395833333333334 0.03888888888888889
1 0.61328125 0.5143518518518518 0.0453125 0.07314814814814814
1 0.7463541666666667 0.24351851851851852 0.01875 0.027777777777777776
1 0.6794270833333333 0.2537037037037037 0.016145833333333335 0.025925925925925925
1 0.6700520833333333 0.18472222222222223 0.009895833333333333 0.017592592592592594
1 0.4828125 0.9638888888888889 0.08333333333333333 0.06851851851851852
1 0.42109375 0.31574074074074077 0.027604166666666666 0.03333333333333333
1 0.6682291666666667 0.15416666666666667 0.008333333333333333 0.013888888888888888
1 0.64140625 0.8967592592592593 0.1015625 0.20277777777777778
1 0.571875 0.2199074074074074 0.022916666666666665 0.032407407407407406
1 0.24270833333333333 0.5879629629629629 0.046875 0.05