1 0.4421875 0.4925925925925926 0.053125 0.07777777777777778
1 0.35078125 0.24351851851851852 0.016145833333333335 0.024074074074074074
1 0.37109375 0.31666666666666665 0.0234375 0.03518518518518519
1 0.28802083333333334 0.25972222222222224 0.015625 0.028703703703703703
1 0.2955729166666667 0.23055555555555557 0.0140625 0.02962962962962963
1 0.3221354166666667 0.20046296296296295 0.0109375 0.025
1 0.3145833333333333 0.1537037037037037 0.009375 0.014814814814814815
2 0.31376041666666665 0.23657407407407408 0.005729166666666666 0.023148148148148147
2 0.3406666666666667 0.18711111111111112 0.00625 0.020370370370370372
1 0.3263020833333333 0.18518518518518517 0.0109375 0.014814814814814815
1 0.346875 0.18194444444444444 0.009375 0.013888888888888888
3 0.39140625 0.549537037037037 0.06510416666666667 0.12314814814814815
3 0.33203125 0.31342592592592594 0.024479166666666666 0.05277777777777778
3 0.3385416666666667 0.3726851851851852 0.026041666666666668 0.05648148148148148
3 0.33697916666666666 0.15694444444444444 0.013541666666666667 0.026851851851851852
3 0.4833385416666667 0.2164722222222222 0.03409895833333333 0.0635462962962963