1 0.5296875 0.6518518518518519 0.0625 0.10185185185185185
1 0.6315104166666666 0.32175925925925924 0.025520833333333333 0.03611111111111111
1 0.6416666666666667 0.275 0.019791666666666666 0.02962962962962963
1 0.5536458333333333 0.4925925925925926 0.053125 0.07222222222222222
1 0.56171875 0.22916666666666666 0.013020833333333334 0.026851851851851852
1 0.7158854166666667 0.19537037037037036 0.011979166666666667 0.016666666666666666
1 0.6729166666666667 0.19490740740740742 0.009375 0.013888888888888888
1 0.425265625 0.3076203703703704 0.030739583333333324 0.04216666666666663
1 0.69453125 0.16712962962962963 0.009895833333333333 0.013888888888888888
1 0.6888020833333334 0.1875 0.0109375 0.013888888888888888
1 0.6786458333333333 0.15185185185185185 0.008333333333333333 0.012962962962962963
1 0.5765625 0.25 0.013541666666666667 0.027777777777777776
1 0.6830729166666667 0.175 0.009895833333333333 0.014814814814814815
1 0.15140625000000002 0.5338611111111111 0.022395833333333334 0.03796296296296296
1 0.6518229166666667 0.17453703703703705 0.0078125 0.017592592592592594
3 0.502578125 0.2633518518518519 0.04156770833333331 0.05291666666666665
3 0.64765625 0.39814814814814814 0.04739583333333333 0.09259259259259259
0 0.22988020833333328 0.5102037037037037 0.14550000000000005 0.21149074074074076
3 0.523296875 0.20450925925925925 0.045546874999999966 0.07217592592592594
1 0.4702604166666667 0.2703611111111111 0.027744791666666657 0.04364814814814814
2 0.37526041666666665 0.3480462962962963 0.015229166666666672 0.034009259259259274