1 0.4703125 0.6518518518518519 0.0625 0.10185185185185185
1 0.3684895833333333 0.32175925925925924 0.025520833333333333 0.03611111111111111
1 0.35833333333333334 0.275 0.019791666666666666 0.02962962962962963
1 0.44635416666666666 0.4925925925925926 0.053125 0.07222222222222222
1 0.43828125 0.22916666666666666 0.013020833333333334 0.026851851851851852
1 0.28411458333333334 0.19537037037037036 0.011979166666666667 0.016666666666666666
1 0.32708333333333334 0.19490740740740742 0.009375 0.013888888888888888
1 0.574734375 0.3076203703703704 0.030739583333333334 0.042166666666666665
1 0.30546875 0.16712962962962963 0.009895833333333333 0.013888888888888888
1 0.3111979166666667 0.1875 0.0109375 0.013888888888888888
1 0.32135416666666666 0.15185185185185185 0.008333333333333333 0.012962962962962963
1 0.4234375 0.25 0.013541666666666667 0.027777777777777776
1 0.31692708333333336 0.175 0.009895833333333333 0.014814814814814815
1 0.8485937499999999 0.5338611111111111 0.022395833333333334 0.03796296296296296
1 0.34817708333333336 0.17453703703703705 0.0078125 0.017592592592592594
3 0.49742187499999996 0.2633518518518519 0.041567708333333335 0.05291666666666667
3 0.35234375 0.39814814814814814 0.04739583333333333 0.09259259259259259
0 0.7701197916666668 0.5102037037037037 0.14550000000000002 0.21149074074074073
3 0.476703125 0.20450925925925925 0.045546875 0.07217592592592594
1 0.5297395833333334 0.2703611111111111 0.027744791666666668 0.04364814814814815
2 0.6247395833333333 0.3480462962962963 0.015229166666666665 0.03400925925925925