1 0.3796875 0.9189814814814815 0.07604166666666666 0.13055555555555556
1 0.3020833333333333 0.1962962962962963 0.011458333333333333 0.024074074074074074
1 0.4734375 0.22083333333333333 0.013541666666666667 0.021296296296296296
2 0.3211354166666667 0.22335185185185186 0.008812500000000001 0.027546296296296298
1 0.32578125 0.19074074074074074 0.0109375 0.016666666666666666
1 0.34010416666666665 0.1527777777777778 0.007291666666666667 0.012962962962962963
1 0.5307291666666667 0.2722222222222222 0.015625 0.022222222222222223
1 0.44895833333333335 0.2162037037037037 0.014583333333333334 0.030555555555555555
1 0.4192708333333333 0.19953703703703704 0.015625 0.023148148148148147
1 0.3453125 0.14027777777777778 0.007291666666666667 0.013888888888888888
3 0.37005208333333334 0.4671296296296296 0.049479166666666664 0.11574074074074074
3 0.21510416666666668 0.30648148148148147 0.035416666666666666 0.07962962962962963
3 0.30911458333333336 0.16574074074074074 0.0171875 0.03333333333333333
2 0.38013020833333333 0.35205555555555557 0.013171875 0.042555555555555555
2 0.2204583333333333 0.3589722222222222 0.013880208333333333 0.04460185185185185
2 0.24839583333333334 0.2670648148148148 0.008203125 0.0325