0 0.9390625 0.4375 0.12083333333333333 0.262037037037037
0 0.7408854166666666 0.11481481481481481 0.022395833333333334 0.03888888888888889
3 0.70625 0.1527777777777778 0.027083333333333334 0.07777777777777778
2 0.17395833333333333 0.4759259259259259 0.04479166666666667 0.07407407407407407
2 0.6028645833333334 0.25555555555555554 0.011979166666666667 0.03333333333333333
3 0.5950520833333334 0.5824074074074074 0.12447916666666667 0.29814814814814816
0 0.6854166666666667 0.24027777777777778 0.052083333333333336 0.12685185185185185
1 0.92109375 0.625462962962963 0.0890625 0.1787037037037037
1 0.36328125 0.7805555555555556 0.13802083333333334 0.27037037037037037
1 0.23307291666666666 0.9541666666666667 0.1265625 0.08796296296296297
1 0.33046875 0.6175925925925926 0.1109375 0.15185185185185185
1 0.5432291666666667 0.30925925925925923 0.04375 0.05925925925925926
1 0.4421875 0.4393518518518518 0.07395833333333333 0.10833333333333334
1 0.46015625 0.6180555555555556 0.09427083333333333 0.1712962962962963
1 0.575 0.37222222222222223 0.05520833333333333 0.0962962962962963
1 0.7572916666666667 0.1962962962962963 0.023958333333333335 0.03333333333333333
1 0.6125 0.29907407407407405 0.042708333333333334 0.08148148148148149
1 0.765625 0.16064814814814815 0.01875 0.028703703703703703
3 0.6432291666666666 0.4111111111111111 0.05625 0.12962962962962962
1 0.6375 0.2537037037037037 0.03333333333333333 0.05185185185185185
1 0.19088541666666667 0.42083333333333334 0.06614583333333333 0.0712962962962963
1 0.5958333333333333 0.22314814814814815 0.029166666666666667 0.040740740740740744
1 0.6177083333333333 0.19074074074074074 0.023958333333333335 0.03518518518518519
1 0.6533854166666667 0.21296296296296297 0.0265625 0.03888888888888889
1 0.6338541666666667 0.17175925925925925 0.01875 0.026851851851851852
1 0.6625 0.18703703703703703 0.01875 0.03148148148148148
1 0.70703125 0.10092592592592593 0.019270833333333334 0.025925925925925925
1 0.6716145833333333 0.16342592592592592 0.018229166666666668 0.030555555555555555
1 0.646875 0.1425925925925926 0.015625 0.025925925925925925
1 0.7229166666666667 0.09722222222222222 0.009375 0.012962962962962963
1 0.65703125 0.12546296296296297 0.0140625 0.019444444444444445
1 0.6424479166666667 0.1574074074074074 0.016145833333333335 0.025925925925925925
1 0.67890625 0.14675925925925926 0.016145833333333335 0.030555555555555555
2 0.33065625 0.34694444444444444 0.018604166666666665 0.056861111111111105
2 0.6695104166666667 0.12492592592592591 0.006729166666666666 0.02021296296296296