2 0.51171875 0.5796296296296296 0.027604166666666666 0.08148148148148149
3 0.2950520833333333 0.15185185185185185 0.027604166666666666 0.06666666666666667
3 0.9697916666666667 0.5523148148148148 0.06041666666666667 0.13425925925925927
1 0.415625 0.2569444444444444 0.034375 0.05092592592592592
1 0.3546875 0.2212962962962963 0.026041666666666668 0.040740740740740744
1 0.9838541666666667 0.6703703703703704 0.03229166666666667 0.07777777777777778
1 0.6713541666666667 0.36898148148148147 0.0625 0.06759259259259259
1 0.37109375 0.17777777777777778 0.0203125 0.027777777777777776
1 0.31640625 0.1175925925925926 0.011979166666666667 0.018518518518518517
1 0.2986979166666667 0.10555555555555556 0.0109375 0.018518518518518517
1 0.55859375 0.26481481481481484 0.022395833333333334 0.027777777777777776
1 0.6471354166666666 0.29583333333333334 0.04635416666666667 0.049074074074074076
1 0.33671875 0.10185185185185185 0.0109375 0.018518518518518517
1 0.4822916666666667 0.35 0.051041666666666666 0.07222222222222222
1 0.3028645833333333 0.07962962962962963 0.0078125 0.011111111111111112
1 0.3260416666666667 0.08055555555555556 0.009375 0.012962962962962963
1 0.3377604166666667 0.08425925925925926 0.009895833333333333 0.014814814814814815
1 0.34479166666666666 0.0625 0.00625 0.013888888888888888