2 0.75546875 0.18703703703703703 0.008854166666666666 0.03148148148148148
2 0.64296875 0.18009259259259258 0.0078125 0.026851851851851852
1 0.45989583333333334 0.5893518518518519 0.10833333333333334 0.20092592592592592
3 0.7513020833333334 0.14722222222222223 0.0265625 0.05185185185185185
3 0.8231770833333333 0.31342592592592594 0.0765625 0.16018518518518518
1 0.3177083333333333 0.6097222222222223 0.10625 0.14166666666666666
1 0.5942708333333333 0.32916666666666666 0.051041666666666666 0.09537037037037037
1 0.2484375 0.43287037037037035 0.07604166666666666 0.07314814814814814
1 0.6856770833333333 0.2601851851851852 0.04114583333333333 0.07222222222222222
1 0.67578125 0.1486111111111111 0.0171875 0.030555555555555555
1 0.7018229166666666 0.18564814814814815 0.019270833333333334 0.03425925925925926
1 0.1375 0.4601851851851852 0.07916666666666666 0.07592592592592592
1 0.29010416666666666 0.3333333333333333 0.06354166666666666 0.08148148148148149
1 0.70078125 0.1550925925925926 0.021354166666666667 0.03611111111111111
1 0.7205729166666667 0.1375 0.013020833333333334 0.021296296296296296
1 0.6828125 0.11527777777777778 0.011458333333333333 0.017592592592592594
2 0.6769895833333333 0.09961111111111111 0.008151041666666668 0.021444444444444443
1 0.7028645833333333 0.09675925925925925 0.0140625 0.026851851851851852
1 0.7096354166666666 0.12407407407407407 0.011979166666666667 0.020370370370370372
1 0.7161458333333334 0.10740740740740741 0.0125 0.025925925925925925
1 0.6598958333333333 0.11851851851851852 0.011458333333333333 0.020370370370370372
1 0.6627604166666666 0.10601851851851851 0.0109375 0.017592592592592594
1 0.7013020833333333 0.14629629629629629 0.019270833333333334 0.020370370370370372
1 0.69296875 0.08796296296296297 0.0078125 0.016666666666666666
1 0.6642395833333333 0.06791666666666667 0.0076458333333333335 0.01176851851851852