3 0.7963541666666667 0.475 0.053125 0.11851851851851852
1 0.5213541666666667 0.3675925925925926 0.059375 0.07777777777777778
1 0.6369791666666667 0.2351851851851852 0.028125 0.046296296296296294
1 0.16770833333333332 0.8231481481481482 0.17604166666666668 0.26481481481481484
1 0.7541666666666667 0.19305555555555556 0.023958333333333335 0.03611111111111111
1 0.6643229166666667 0.18518518518518517 0.022395833333333334 0.046296296296296294
1 0.64140625 0.1574074074074074 0.024479166666666666 0.03148148148148148
1 0.7651041666666667 0.16111111111111112 0.01875 0.027777777777777776
1 0.38307291666666665 0.31527777777777777 0.058854166666666666 0.05092592592592592
1 0.6776041666666667 0.14444444444444443 0.017708333333333333 0.025925925925925925
1 0.70703125 0.14074074074074075 0.019270833333333334 0.025925925925925925
1 0.34348958333333335 0.30324074074074076 0.0453125 0.05277777777777778
1 0.6875 0.11666666666666667 0.016666666666666666 0.024074074074074074
1 0.6580729166666667 0.07453703703703704 0.013020833333333334 0.025
1 0.70171875 0.09722222222222222 0.014901041666666667 0.014805555555555556
1 0.7158802083333333 0.09306481481481482 0.015114583333333332 0.010203703703703703