2 0.18932291666666667 0.3486111111111111 0.016145833333333335 0.04537037037037037
2 0.3528645833333333 0.19722222222222222 0.009895833333333333 0.03148148148148148
2 0.7869791666666667 0.44074074074074077 0.026041666666666668 0.05740740740740741
0 0.37473958333333335 0.43425925925925923 0.11510416666666666 0.26666666666666666
3 0.22708333333333333 0.1675925925925926 0.03125 0.053703703703703705
3 0.3223958333333333 0.24722222222222223 0.042708333333333334 0.10740740740740741
1 0.4005208333333333 0.31666666666666665 0.046875 0.08703703703703704
1 0.4669270833333333 0.32407407407407407 0.04739583333333333 0.06296296296296296
1 0.09010416666666667 0.42407407407407405 0.058333333333333334 0.0962962962962963
1 0.70859375 0.4 0.0671875 0.07407407407407407
1 0.38671875 0.20416666666666666 0.0265625 0.03425925925925926
2 0.3454375 0.16719444444444445 0.005848958333333343 0.028657407407407395
1 0.3255208333333333 0.15694444444444444 0.017708333333333333 0.026851851851851852
1 0.2953125 0.16157407407407406 0.021875 0.03611111111111111
1 0.5606770833333333 0.26805555555555555 0.0296875 0.03981481481481482
1 0.35625 0.15185185185185185 0.017708333333333333 0.027777777777777776
2 0.6307291666666667 0.30277777777777776 0.019791666666666666 0.046296296296296294
1 0.45755208333333336 0.1726851851851852 0.019270833333333334 0.030555555555555555
1 0.34010416666666665 0.12222222222222222 0.014583333333333334 0.027777777777777776
2 0.3202291666666666 0.12458333333333334 0.0074583333333333 0.017685185185185193
1 0.29583333333333334 0.11851851851851852 0.020833333333333332 0.02962962962962963
1 0.31630729166666666 0.10097222222222221 0.011135416666666724 0.016759259259259255
1 0.29523437499999994 0.0856851851851852 0.011619791666666638 0.01580555555555555