1 0.4044270833333333 0.28564814814814815 0.0515625 0.062037037037037036
1 0.6328125 0.25416666666666665 0.03229166666666667 0.05648148148148148
1 0.6059895833333333 0.3236111111111111 0.04739583333333333 0.08055555555555556
1 0.6697916666666667 0.18425925925925926 0.023958333333333335 0.03888888888888889
1 0.6197916666666666 0.19305555555555556 0.026041666666666668 0.03796296296296296
1 0.18567708333333333 0.4740740740740741 0.09322916666666667 0.1037037037037037
1 0.740625 0.11574074074074074 0.015625 0.025925925925925925
1 0.6403645833333333 0.1638888888888889 0.0203125 0.03333333333333333
1 0.5497395833333333 0.16064814814814815 0.027604166666666666 0.026851851851851852
1 0.70546875 0.10925925925925926 0.016145833333333335 0.020370370370370372
1 0.7526041666666666 0.13425925925925927 0.017708333333333333 0.024074074074074074
1 0.6582239583333334 0.12743518518518518 0.016442708333333333 0.023398148148148147
2 0.6705989583333333 0.1353148148148148 0.006713541666666667 0.024342592592592593