2 0.8106770833333333 0.3486111111111111 0.016145833333333335 0.04537037037037037
2 0.6471354166666666 0.19722222222222222 0.009895833333333333 0.03148148148148148
2 0.21302083333333333 0.44074074074074077 0.026041666666666668 0.05740740740740741
0 0.6252604166666667 0.43425925925925923 0.11510416666666666 0.26666666666666666
3 0.7729166666666667 0.1675925925925926 0.03125 0.053703703703703705
3 0.6776041666666667 0.24722222222222223 0.042708333333333334 0.10740740740740741
1 0.5994791666666667 0.31666666666666665 0.046875 0.08703703703703704
1 0.5330729166666667 0.32407407407407407 0.04739583333333333 0.06296296296296296
1 0.9098958333333333 0.42407407407407405 0.058333333333333334 0.0962962962962963
1 0.29140625 0.4 0.0671875 0.07407407407407407
1 0.61328125 0.20416666666666666 0.0265625 0.03425925925925926
2 0.6545625 0.16719444444444445 0.005848958333333334 0.028657407407407406
1 0.6744791666666666 0.15694444444444444 0.017708333333333333 0.026851851851851852
1 0.7046875 0.16157407407407406 0.021875 0.03611111111111111
1 0.4393229166666667 0.26805555555555555 0.0296875 0.03981481481481482
1 0.64375 0.15185185185185185 0.017708333333333333 0.027777777777777776
2 0.3692708333333333 0.30277777777777776 0.019791666666666666 0.046296296296296294
1 0.5424479166666667 0.1726851851851852 0.019270833333333334 0.030555555555555555
1 0.6598958333333333 0.12222222222222222 0.014583333333333334 0.027777777777777776
2 0.6797708333333333 0.12458333333333334 0.007458333333333333 0.017685185185185186
1 0.7041666666666667 0.11851851851851852 0.020833333333333332 0.02962962962962963
1 0.6836927083333334 0.10097222222222221 0.011135416666666667 0.016759259259259262
1 0.7047656250000001 0.0856851851851852 0.011619791666666665 0.015805555555555555