1 0.44817708333333334 0.7379629629629629 0.1046875 0.20555555555555555
1 0.721875 0.6865740740740741 0.121875 0.18055555555555555
1 0.5424479166666667 0.5944444444444444 0.09635416666666667 0.17222222222222222
1 0.7197916666666667 0.9064814814814814 0.1625 0.18333333333333332
1 0.11302083333333333 0.37592592592592594 0.052083333333333336 0.09259259259259259
1 0.34348958333333335 0.38055555555555554 0.05364583333333333 0.11296296296296296
1 0.54296875 0.43842592592592594 0.06822916666666666 0.09166666666666666
1 0.17135416666666667 0.27546296296296297 0.034375 0.05092592592592592
1 0.44583333333333336 0.29074074074074074 0.041666666666666664 0.06111111111111111
1 0.31171875 0.2875 0.034895833333333334 0.058333333333333334
1 0.45 0.4083333333333333 0.065625 0.12407407407407407
1 0.2265625 0.18009259259259258 0.022916666666666665 0.030555555555555555
1 0.4119791666666667 0.23333333333333334 0.030208333333333334 0.044444444444444446
1 0.38177083333333334 0.2726851851851852 0.051041666666666666 0.10462962962962963
1 0.3059895833333333 0.23148148148148148 0.027604166666666666 0.040740740740740744
1 0.35260416666666666 0.23564814814814813 0.023958333333333335 0.04537037037037037
1 0.7966145833333333 0.4708333333333333 0.0859375 0.09537037037037037
1 0.33125 0.17962962962962964 0.023958333333333335 0.04814814814814815
1 0.26536458333333335 0.10462962962962963 0.015104166666666667 0.02962962962962963
1 0.25364583333333335 0.12962962962962962 0.011458333333333333 0.018518518518518517
1 0.3619791666666667 0.1685185185185185 0.017708333333333333 0.025925925925925925
0 0.2906302083333333 0.13298148148148148 0.021859375000000014 0.04374074074074075
1 0.2674479166666667 0.1425925925925926 0.015104166666666667 0.022222222222222223
1 0.27890625 0.09212962962962963 0.0109375 0.023148148148148147
1 0.6341145833333334 0.32685185185185184 0.058854166666666666 0.06851851851851852
1 0.3184895833333333 0.14027777777777778 0.016145833333333335 0.026851851851851852
1 0.2980989583333333 0.1999351851851852 0.023598958333333305 0.023953703703703706
1 0.2989583333333333 0.1763888888888889 0.019791666666666666 0.026851851851851852
1 0.32317708333333334 0.16527777777777777 0.015104166666666667 0.026851851851851852
1 0.31536458333333334 0.12129629629629629 0.013020833333333334 0.025925925925925925
1 0.35546875 0.15 0.0171875 0.024074074074074074
1 0.6859375 0.31574074074074077 0.04791666666666667 0.06666666666666667