2 0.48828125 0.5796296296296296 0.027604166666666666 0.08148148148148149
3 0.7049479166666667 0.15185185185185185 0.027604166666666666 0.06666666666666667
3 0.030208333333333334 0.5523148148148148 0.06041666666666667 0.13425925925925927
1 0.584375 0.2569444444444444 0.034375 0.05092592592592592
1 0.6453125 0.2212962962962963 0.026041666666666668 0.040740740740740744
1 0.016145833333333335 0.6703703703703704 0.03229166666666667 0.07777777777777778
1 0.32864583333333336 0.36898148148148147 0.0625 0.06759259259259259
1 0.62890625 0.17777777777777778 0.0203125 0.027777777777777776
1 0.68359375 0.1175925925925926 0.011979166666666667 0.018518518518518517
1 0.7013020833333333 0.10555555555555556 0.0109375 0.018518518518518517
1 0.44140625 0.26481481481481484 0.022395833333333334 0.027777777777777776
1 0.3528645833333333 0.29583333333333334 0.04635416666666667 0.049074074074074076
1 0.66328125 0.10185185185185185 0.0109375 0.018518518518518517
1 0.5177083333333333 0.35 0.051041666666666666 0.07222222222222222
1 0.6971354166666667 0.07962962962962963 0.0078125 0.011111111111111112
1 0.6739583333333333 0.08055555555555556 0.009375 0.012962962962962963
1 0.6622395833333333 0.08425925925925926 0.009895833333333333 0.014814814814814815
1 0.6552083333333333 0.0625 0.00625 0.013888888888888888