2 0.5161458333333333 0.37546296296296294 0.016666666666666666 0.05092592592592592
2 0.5661458333333333 0.2518518518518518 0.009375 0.02962962962962963
2 0.5890625 0.2152777777777778 0.007291666666666667 0.025
3 0.70625 0.9078703703703703 0.059375 0.18055555555555555
1 0.7580729166666667 0.3773148148148148 0.04010416666666667 0.062037037037037036
1 0.5291666666666667 0.25092592592592594 0.028125 0.040740740740740744
1 0.60703125 0.2828703703703704 0.0265625 0.04722222222222222
1 0.6736979166666667 0.26851851851851855 0.0265625 0.03888888888888889
1 0.5591145833333333 0.20416666666666666 0.019270833333333334 0.026851851851851852
1 0.6494791666666667 0.16342592592592592 0.014583333333333334 0.030555555555555555
1 0.64375 0.19444444444444445 0.014583333333333334 0.024074074074074074
1 0.5822916666666667 0.16157407407407406 0.0125 0.019444444444444445
2 0.59265625 0.18044444444444444 0.0063593750000000004 0.022000000000000002
1 0.6166666666666667 0.14629629629629629 0.009375 0.016666666666666666
1 0.60859375 0.11157407407407408 0.0067708333333333336 0.012037037037037037
1 0.5875 0.1287037037037037 0.008333333333333333 0.014814814814814815
1 0.5966145833333333 0.10555555555555556 0.009895833333333333 0.014814814814814815
1 0.5799479166666667 0.10740740740740741 0.0078125 0.012962962962962963