3 0.7044270833333334 0.9074074074074074 0.059895833333333336 0.1814814814814815
1 0.521875 0.33796296296296297 0.042708333333333334 0.07962962962962963
1 0.6958333333333333 0.3351851851851852 0.03333333333333333 0.05555555555555555
1 0.5502604166666667 0.4671296296296296 0.059895833333333336 0.13796296296296295
1 0.5307291666666667 0.2490740740740741 0.030208333333333334 0.04259259259259259
1 0.6895833333333333 0.22361111111111112 0.022916666666666665 0.04351851851851852
1 0.6403645833333333 0.19074074074074074 0.016145833333333335 0.025925925925925925
1 0.66171875 0.22777777777777777 0.021354166666666667 0.03518518518518519
1 0.61640625 0.13472222222222222 0.013020833333333334 0.023148148148148147
1 0.5674479166666667 0.18518518518518517 0.016145833333333335 0.02962962962962963
1 0.23880208333333333 0.3680555555555556 0.0421875 0.049074074074074076
1 0.58125 0.15648148148148147 0.011458333333333333 0.018518518518518517
1 0.603125 0.16574074074074074 0.011458333333333333 0.012962962962962963
1 0.5994791666666667 0.13564814814814816 0.008333333333333333 0.013888888888888888
1 0.5875520833333333 0.10959259259259259 0.006348958333333333 0.009916666666666667
1 0.6033854166666667 0.11203703703703703 0.0078125 0.011111111111111112
1 0.5838541666666667 0.12962962962962962 0.007291666666666667 0.012962962962962963