1 0.5466145833333333 0.48518518518518516 0.0765625 0.11851851851851852
1 0.6518229166666667 0.5018518518518519 0.0890625 0.12962962962962962
1 0.44296875 0.2824074074074074 0.033854166666666664 0.05555555555555555
1 0.19322916666666667 0.4773148148148148 0.05416666666666667 0.09907407407407408
2 0.38776041666666666 0.23935185185185184 0.013020833333333334 0.03425925925925926
1 0.434375 0.19398148148148148 0.020833333333333332 0.030555555555555555
1 0.5442708333333334 0.3384259259259259 0.05520833333333333 0.06759259259259259
2 0.5544270833333333 0.40370370370370373 0.0171875 0.037037037037037035
1 0.3638697916666667 0.17674074074074073 0.013932291666666667 0.02014814814814814
1 0.34010416666666665 0.1814814814814815 0.015625 0.022222222222222223
1 0.4115625 0.22058333333333333 0.021671874999999948 0.030055555555555537
1 0.4036979166666666 0.19557407407407407 0.01864062499999998 0.018935185185185173
1 0.3967083333333334 0.17692592592592593 0.015958333333333387 0.016805555555555535
1 0.4229947916666667 0.17553703703703705 0.015473958333333352 0.019592592592592616
1 0.39679687499999994 0.1615462962962963 0.01473958333333331 0.013842592592592582
1 0.41256249999999994 0.1411388888888889 0.010291666666666663 0.015611111111111124
1 0.3538385416666666 0.16058333333333333 0.015244791666666656 0.019314814814814826
1 0.38209374999999995 0.14275 0.013932291666666667 0.015129629629629606