1 0.13619791666666667 0.7925925925925926 0.12864583333333332 0.21481481481481482
1 0.5098958333333333 0.5944444444444444 0.08020833333333334 0.19444444444444445
1 0.44375 0.5203703703703704 0.07083333333333333 0.11666666666666667
1 0.39921875 0.42453703703703705 0.07135416666666666 0.11944444444444445
1 0.4828125 0.3106481481481482 0.040625 0.05277777777777778
1 0.0875 0.5050925925925925 0.07708333333333334 0.10462962962962963
1 0.56171875 0.4185185185185185 0.04635416666666667 0.09814814814814815
1 0.5450520833333333 0.33101851851851855 0.0359375 0.06018518518518518
1 0.57421875 0.23287037037037037 0.0234375 0.03611111111111111
1 0.62109375 0.20601851851851852 0.0171875 0.028703703703703703
1 0.55234375 0.20833333333333334 0.018229166666666668 0.03148148148148148
1 0.5947916666666667 0.19166666666666668 0.017708333333333333 0.022222222222222223
2 0.2682291666666667 0.3351851851851852 0.028125 0.04259259259259259
1 0.6354166666666666 0.1736111111111111 0.013541666666666667 0.01574074074074074
2 0.591640625 0.16166666666666665 0.005161458333333333 0.02148148148148148
1 0.61875 0.1537037037037037 0.011458333333333333 0.022222222222222223
2 0.6325520833333333 0.1439814814814815 0.005729166666666666 0.012037037037037037
1 0.6 0.13564814814814816 0.010416666666666666 0.017592592592592594
1 0.5697916666666667 0.1865740740740741 0.015625 0.023148148148148147
1 0.6026041666666667 0.16064814814814815 0.011458333333333333 0.025
1 0.5809895833333333 0.15925925925925927 0.0109375 0.018518518518518517