1 0.45338541666666665 0.48518518518518516 0.0765625 0.11851851851851852
1 0.34817708333333336 0.5018518518518519 0.0890625 0.12962962962962962
1 0.55703125 0.2824074074074074 0.033854166666666664 0.05555555555555555
1 0.8067708333333333 0.4773148148148148 0.05416666666666667 0.09907407407407408
2 0.6122395833333333 0.23935185185185184 0.013020833333333334 0.03425925925925926
1 0.565625 0.19398148148148148 0.020833333333333332 0.030555555555555555
1 0.4557291666666667 0.3384259259259259 0.05520833333333333 0.06759259259259259
2 0.44557291666666665 0.40370370370370373 0.0171875 0.037037037037037035
1 0.6361302083333332 0.17674074074074073 0.013932291666666667 0.02014814814814815
1 0.6598958333333333 0.1814814814814815 0.015625 0.022222222222222223
1 0.5884375 0.22058333333333333 0.021671875 0.030055555555555558
1 0.5963020833333333 0.19557407407407407 0.018640625 0.018935185185185183
1 0.6032916666666667 0.17692592592592593 0.015958333333333335 0.016805555555555553
1 0.5770052083333332 0.17553703703703705 0.015473958333333334 0.019592592592592592
1 0.6032031250000001 0.1615462962962963 0.014739583333333334 0.013842592592592592
1 0.5874375000000001 0.1411388888888889 0.010291666666666668 0.01561111111111111
1 0.6461614583333334 0.16058333333333333 0.015244791666666667 0.019314814814814816
1 0.6179062500000001 0.14275 0.013932291666666667 0.01512962962962963