2 0.3328125 0.6611111111111111 0.028125 0.07037037037037037
1 0.20651041666666667 0.5092592592592593 0.06302083333333333 0.08888888888888889
1 0.478125 0.4462962962962963 0.03854166666666667 0.06851851851851852
1 0.35182291666666665 0.9532407407407407 0.08697916666666666 0.08981481481481482
1 0.115625 0.7125 0.06875 0.09722222222222222
1 0.54140625 0.36064814814814816 0.025520833333333333 0.06018518518518518
1 0.5231770833333333 0.5120370370370371 0.043229166666666666 0.12037037037037036
1 0.020572916666666666 0.7875 0.04114583333333333 0.10648148148148148
1 0.29010416666666666 0.46944444444444444 0.0375 0.05
1 0.40234375 0.32037037037037036 0.022395833333333334 0.02962962962962963
1 0.5901041666666667 0.2777777777777778 0.017708333333333333 0.027777777777777776
2 0.5205729166666667 0.31574074074074077 0.0109375 0.03518518518518519
1 0.5611979166666666 0.16527777777777777 0.0078125 0.013888888888888888
1 0.48151041666666666 0.20277777777777778 0.0078125 0.012962962962962963
1 0.51953125 0.22870370370370371 0.009895833333333333 0.012962962962962963
1 0.49322916666666666 0.21203703703703702 0.011458333333333333 0.016666666666666666
1 0.3796875 0.3212962962962963 0.015625 0.018518518518518517
1 0.5528645833333333 0.1962962962962963 0.0078125 0.011111111111111112
1 0.5044270833333333 0.2023148148148148 0.0078125 0.013888888888888888
3 0.5275520833333334 0.2593518518518519 0.014187499999999999 0.04092592592592593
1 0.5434895833333333 0.2111111111111111 0.009895833333333333 0.012962962962962963
1 0.53046875 0.20694444444444443 0.0109375 0.012037037037037037
1 0.4578125 0.25324074074074077 0.0125 0.019444444444444445
1 0.4747395833333333 0.2324074074074074 0.0109375 0.016666666666666666
1 0.5572916666666666 0.20787037037037037 0.008333333333333333 0.013888888888888888
1 0.5109375 0.1712962962962963 0.007291666666666667 0.011111111111111112
1 0.54453125 0.18101851851851852 0.0067708333333333336 0.012037037037037037