0 0.346875 0.30324074074074076 0.053125 0.09351851851851851
1 0.7783854166666667 0.7810185185185186 0.09322916666666667 0.18796296296296297
1 0.3494791666666667 0.9310185185185185 0.1 0.13425925925925927
1 0.2643229166666667 0.8092592592592592 0.0953125 0.1925925925925926
1 0.41432291666666665 0.4537037037037037 0.0421875 0.06851851851851852
1 0.52265625 0.5527777777777778 0.0484375 0.1111111111111111
1 0.37083333333333335 0.5611111111111111 0.05520833333333333 0.10185185185185185
1 0.66640625 0.49398148148148147 0.049479166666666664 0.09351851851851851
1 0.5395833333333333 0.4074074074074074 0.027083333333333334 0.053703703703703705
1 0.61328125 0.3523148148148148 0.028645833333333332 0.04537037037037037
1 0.45651041666666664 0.512962962962963 0.04635416666666667 0.10925925925925926
1 0.44817708333333334 0.38657407407407407 0.033854166666666664 0.058333333333333334
1 0.5046875 0.3476851851851852 0.027083333333333334 0.058333333333333334
1 0.5869791666666667 0.28055555555555556 0.016666666666666666 0.02962962962962963
1 0.4674479166666667 0.34444444444444444 0.027604166666666666 0.040740740740740744
1 0.48203125 0.30694444444444446 0.022395833333333334 0.032407407407407406
1 0.5260416666666666 0.27175925925925926 0.016666666666666666 0.032407407407407406
1 0.5458333333333333 0.3148148148148148 0.020833333333333332 0.037037037037037035
1 0.2953125 0.41712962962962963 0.023958333333333335 0.03611111111111111
1 0.5544270833333333 0.275 0.0140625 0.018518518518518517
1 0.4942708333333333 0.28425925925925927 0.015625 0.02962962962962963
1 0.42864583333333334 0.2865740740740741 0.017708333333333333 0.025
1 0.57734375 0.2212962962962963 0.0109375 0.024074074074074074
1 0.39375 0.30324074074074076 0.020833333333333332 0.026851851851851852
1 0.5044270833333333 0.26342592592592595 0.0171875 0.030555555555555555
1 0.48072916666666665 0.2273148148148148 0.010416666666666666 0.013888888888888888
1 0.5229166666666667 0.22407407407407406 0.0125 0.012962962962962963
1 0.5828125 0.2537037037037037 0.013541666666666667 0.020370370370370372
1 0.5403645833333334 0.21712962962962962 0.0109375 0.021296296296296296
1 0.55859375 0.2125 0.0140625 0.023148148148148147
1 0.5716145833333334 0.18425925925925926 0.008854166666666666 0.012962962962962963
1 0.5291666666666667 0.20833333333333334 0.009375 0.014814814814814815
1 0.5135416666666667 0.24212962962962964 0.010416666666666666 0.019444444444444445
1 0.534375 0.2537037037037037 0.011458333333333333 0.016666666666666666
1 0.6287760416666667 0.18825925925925927 0.010677083333333334 0.015416666666666665