1 0.5434895833333333 0.3314814814814815 0.030729166666666665 0.044444444444444446
1 0.03177083333333333 0.774074074074074 0.06354166666666666 0.12037037037037036
1 0.3763020833333333 0.31296296296296294 0.027604166666666666 0.046296296296296294
1 0.44088541666666664 0.2708333333333333 0.018229166666666668 0.028703703703703703
1 0.4953125 0.29074074074074074 0.029166666666666667 0.03888888888888889
1 0.47421875 0.225 0.011979166666666667 0.024074074074074074
1 0.4856770833333333 0.20092592592592592 0.008854166666666666 0.012962962962962963
1 0.53359375 0.24166666666666667 0.0171875 0.02962962962962963
1 0.5604166666666667 0.15925925925925927 0.014583333333333334 0.03518518518518519
1 0.55625 0.16435185185185186 0.022916666666666665 0.04351851851851852
1 0.57265625 0.1912037037037037 0.011979166666666667 0.019444444444444445
1 0.52109375 0.16296296296296298 0.0078125 0.018518518518518517