1 0.5419270833333333 0.35694444444444445 0.03697916666666667 0.06574074074074074
1 0.8736979166666666 0.9185185185185185 0.13489583333333333 0.15925925925925927
1 0.52265625 0.2810185185185185 0.024479166666666666 0.03425925925925926
1 0.3690104166666667 0.30185185185185187 0.022395833333333334 0.03333333333333333
1 0.5924479166666666 0.28194444444444444 0.018229166666666668 0.030555555555555555
2 0.39791666666666664 0.3143518518518518 0.0125 0.023148148148148147
1 0.5638020833333334 0.15925925925925927 0.019270833333333334 0.03518518518518519
1 0.4895833333333333 0.21296296296296297 0.014583333333333334 0.014814814814814815
1 0.6013020833333333 0.18194444444444444 0.019270833333333334 0.03425925925925926
1 0.42630208333333336 0.28194444444444444 0.018229166666666668 0.030555555555555555
1 0.556265625 0.2521388888888889 0.018776041666666667 0.024638888888888887
1 0.5803854166666667 0.24119444444444446 0.019104166666666665 0.024981481481481483
1 0.538375 0.23885185185185184 0.012161458333333335 0.020287037037037037
1 0.5583072916666667 0.22812962962962963 0.014531249999999999 0.015527777777777777
1 0.5253125 0.2205185185185185 0.013125 0.01325
1 0.573078125 0.19675925925925927 0.009697916666666667 0.017601851851851855