2 0.5260416666666666 0.5273148148148148 0.01875 0.049074074074074076
0 0.0453125 0.6648148148148149 0.090625 0.20555555555555555
0 0.30494791666666665 0.3421296296296296 0.0578125 0.08796296296296297
1 0.36328125 0.5925925925925926 0.06302083333333333 0.12037037037037036
1 0.08671875 0.7569444444444444 0.08072916666666667 0.10833333333333334
1 0.2669270833333333 0.4439814814814815 0.04739583333333333 0.06018518518518518
1 0.4791666666666667 0.44027777777777777 0.03958333333333333 0.0787037037037037
1 0.4947916666666667 0.2833333333333333 0.01875 0.02962962962962963
1 0.18385416666666668 0.5513888888888889 0.05520833333333333 0.07314814814814814
1 0.24114583333333334 0.5300925925925926 0.05 0.06759259259259259
1 0.47291666666666665 0.34074074074074073 0.026041666666666668 0.040740740740740744
3 0.59765625 0.2898148148148148 0.027604166666666666 0.046296296296296294
1 0.36953125 0.36435185185185187 0.033854166666666664 0.03981481481481482
0 0.5510416666666667 0.23148148148148148 0.01875 0.03518518518518519
1 0.5200520833333333 0.23287037037037037 0.013020833333333334 0.019444444444444445
1 0.3921875 0.2986111111111111 0.020833333333333332 0.03425925925925926
1 0.43385416666666665 0.2865740740740741 0.015625 0.026851851851851852
1 0.5763020833333333 0.22824074074074074 0.011979166666666667 0.017592592592592594
1 0.5591145833333333 0.19490740740740742 0.011979166666666667 0.021296296296296296
1 0.57265625 0.19490740740740742 0.008854166666666666 0.013888888888888888
1 0.5770833333333333 0.2439814814814815 0.0125 0.026851851851851852
1 0.4122395833333333 0.3648148148148148 0.0265625 0.027777777777777776
1 0.5802083333333333 0.2675925925925926 0.014583333333333334 0.027777777777777776
1 0.4661458333333333 0.24861111111111112 0.014583333333333334 0.021296296296296296
1 0.47581770833333337 0.23628703703703705 0.013098958333333332 0.01700925925925926