3 0.46197916666666666 0.9263888888888889 0.14583333333333334 0.14351851851851852
1 0.7466145833333333 0.6333333333333333 0.07135416666666666 0.12777777777777777
1 0.5236979166666667 0.624537037037037 0.0515625 0.14537037037037037
1 0.26276041666666666 0.8115740740740741 0.09427083333333333 0.20092592592592592
1 0.440625 0.5805555555555556 0.058333333333333334 0.13703703703703704
1 0.6247395833333333 0.36527777777777776 0.0296875 0.04722222222222222
1 0.3828125 0.55 0.05625 0.0962962962962963
1 0.41848958333333336 0.4587962962962963 0.04114583333333333 0.06574074074074074
1 0.53046875 0.4388888888888889 0.03697916666666667 0.09074074074074075
1 0.45651041666666664 0.3648148148148148 0.028645833333333332 0.05
1 0.5966145833333333 0.30092592592592593 0.018229166666666668 0.03333333333333333
1 0.5010416666666667 0.37592592592592594 0.028125 0.04814814814814815
1 0.50625 0.33425925925925926 0.026041666666666668 0.05
1 0.5171875 0.3050925925925926 0.022916666666666665 0.03425925925925926
1 0.5325520833333334 0.24814814814814815 0.0171875 0.03148148148148148
1 0.4947916666666667 0.2796296296296296 0.017708333333333333 0.025925925925925925
1 0.4744791666666667 0.3287037037037037 0.025 0.040740740740740744
1 0.50390625 0.25833333333333336 0.015104166666666667 0.020370370370370372
1 0.018229166666666668 0.8888888888888888 0.036458333333333336 0.07962962962962963
1 0.4825520833333333 0.3060185185185185 0.0203125 0.028703703703703703
1 0.5747395833333333 0.2037037037037037 0.011979166666666667 0.018518518518518517
1 0.5151041666666667 0.23842592592592593 0.013541666666666667 0.023148148148148147
1 0.5413333333333333 0.21938888888888888 0.014953125000000001 0.020259259259259258
1 0.56015625 0.19490740740740742 0.009895833333333333 0.019444444444444445
2 0.5343072916666666 0.32425925925925925 0.006380208333333333 0.041101851851851855
2 0.592453125 0.2696388888888889 0.0057395833333333335 0.026305555555555554