3 0.5380208333333333 0.9263888888888889 0.14583333333333334 0.14351851851851852
1 0.25338541666666664 0.6333333333333333 0.07135416666666666 0.12777777777777777
1 0.47630208333333335 0.624537037037037 0.0515625 0.14537037037037037
1 0.7372395833333333 0.8115740740740741 0.09427083333333333 0.20092592592592592
1 0.559375 0.5805555555555556 0.058333333333333334 0.13703703703703704
1 0.37526041666666665 0.36527777777777776 0.0296875 0.04722222222222222
1 0.6171875 0.55 0.05625 0.0962962962962963
1 0.5815104166666667 0.4587962962962963 0.04114583333333333 0.06574074074074074
1 0.46953125 0.4388888888888889 0.03697916666666667 0.09074074074074075
1 0.5434895833333333 0.3648148148148148 0.028645833333333332 0.05
1 0.40338541666666666 0.30092592592592593 0.018229166666666668 0.03333333333333333
1 0.49895833333333334 0.37592592592592594 0.028125 0.04814814814814815
1 0.49375 0.33425925925925926 0.026041666666666668 0.05
1 0.4828125 0.3050925925925926 0.022916666666666665 0.03425925925925926
1 0.4674479166666667 0.24814814814814815 0.0171875 0.03148148148148148
1 0.5052083333333334 0.2796296296296296 0.017708333333333333 0.025925925925925925
1 0.5255208333333333 0.3287037037037037 0.025 0.040740740740740744
1 0.49609375 0.25833333333333336 0.015104166666666667 0.020370370370370372
1 0.9817708333333334 0.8888888888888888 0.036458333333333336 0.07962962962962963
1 0.5174479166666667 0.3060185185185185 0.0203125 0.028703703703703703
1 0.42526041666666664 0.2037037037037037 0.011979166666666667 0.018518518518518517
1 0.48489583333333336 0.23842592592592593 0.013541666666666667 0.023148148148148147
1 0.4586666666666667 0.21938888888888888 0.014953125000000018 0.020259259259259255
1 0.43984375 0.19490740740740742 0.009895833333333333 0.019444444444444445
2 0.46569270833333337 0.32425925925925925 0.006380208333333333 0.04110185185185184
2 0.40754687500000003 0.2696388888888889 0.005739583333333324 0.026305555555555526