0 0.7903645833333334 0.27175925925925926 0.0765625 0.10833333333333334
3 0.5528645833333333 0.36944444444444446 0.059895833333333336 0.14814814814814814
3 0.58515625 0.1763888888888889 0.025520833333333333 0.06574074074074074
3 0.6020833333333333 0.1388888888888889 0.019791666666666666 0.040740740740740744
1 0.2755208333333333 0.6657407407407407 0.08645833333333333 0.1574074074074074
1 0.42994791666666665 0.37037037037037035 0.0453125 0.06851851851851852
1 0.28932291666666665 0.9731481481481481 0.08697916666666666 0.05
1 0.7315104166666667 0.4300925925925926 0.0484375 0.08796296296296297
1 0.6356770833333333 0.22962962962962963 0.019270833333333334 0.03518518518518519
1 0.35703125 0.3365740740740741 0.0359375 0.05277777777777778
1 0.4875 0.2662037037037037 0.027083333333333334 0.03796296296296296
1 0.5203125 0.2722222222222222 0.028125 0.06111111111111111
1 0.5450520833333333 0.21712962962962962 0.019270833333333334 0.03425925925925926
1 0.5109375 0.22083333333333333 0.019791666666666666 0.028703703703703703
1 0.5424479166666667 0.17083333333333334 0.016145833333333335 0.023148148148148147
1 0.47109375 0.4273148148148148 0.04635416666666667 0.0824074074074074
1 0.6552083333333333 0.15601851851851853 0.013541666666666667 0.021296296296296296
1 0.628125 0.13657407407407407 0.011458333333333333 0.019444444444444445
1 0.61796875 0.11481481481481481 0.009895833333333333 0.020370370370370372
1 0.5895833333333333 0.10972222222222222 0.007291666666666667 0.013888888888888888
1 0.6677083333333333 0.18564814814814815 0.0125 0.025
1 0.55859375 0.14722222222222223 0.0109375 0.018518518518518517
1 0.6393229166666666 0.10231481481481482 0.0078125 0.013888888888888888
1 0.6419270833333334 0.07083333333333333 0.008854166666666666 0.012037037037037037
1 0.6299479166666667 0.07361111111111111 0.008854166666666666 0.012037037037037037
1 0.6098958333333333 0.08564814814814815 0.007291666666666667 0.010185185185185186
1 0.5731770833333333 0.1287037037037037 0.009895833333333333 0.016666666666666666
1 0.61171875 0.13055555555555556 0.0078125 0.018518518518518517
1 0.56953125 0.16203703703703703 0.008854166666666666 0.022222222222222223