0 0.79921875 0.2810185185185185 0.07447916666666667 0.11203703703703703
0 0.7559895833333333 0.22037037037037038 0.0578125 0.11481481481481481
2 0.5661458333333333 0.3675925925925926 0.0125 0.05185185185185185
3 0.41041666666666665 0.549074074074074 0.11458333333333333 0.2351851851851852
1 0.24921875 0.7592592592592593 0.09739583333333333 0.17407407407407408
1 0.49661458333333336 0.8699074074074075 0.08697916666666666 0.2175925925925926
1 0.6432291666666666 0.32916666666666666 0.034375 0.05277777777777778
1 0.75390625 0.4981481481481482 0.0578125 0.09444444444444444
1 0.5286458333333334 0.5092592592592593 0.05 0.09444444444444444
1 0.56484375 0.27037037037037037 0.027604166666666666 0.046296296296296294
1 0.8598958333333333 0.4351851851851852 0.059375 0.08703703703703704
1 0.41302083333333334 0.4217592592592593 0.04791666666666667 0.07314814814814814
1 0.4903645833333333 0.3625 0.04010416666666667 0.0824074074074074
1 0.69765625 0.23657407407407408 0.025520833333333333 0.03611111111111111
1 0.21510416666666668 0.5291666666666667 0.075 0.11574074074074074
1 0.5145833333333333 0.22083333333333333 0.021875 0.03796296296296296
1 0.53984375 0.17453703703703705 0.016145833333333335 0.023148148148148147
1 0.6661458333333333 0.17453703703703705 0.028125 0.05648148148148148
1 0.61015625 0.19166666666666668 0.015104166666666667 0.025925925925925925
1 0.575 0.16203703703703703 0.013541666666666667 0.020370370370370372
1 0.5971354166666667 0.16018518518518518 0.0140625 0.025925925925925925
1 0.62265625 0.15833333333333333 0.0140625 0.018518518518518517
1 0.6059895833333333 0.14027777777777778 0.011979166666666667 0.019444444444444445
1 0.5846354166666666 0.14537037037037037 0.011979166666666667 0.024074074074074074
1 0.6247395833333333 0.1050925925925926 0.011979166666666667 0.021296296296296296
0 0.5910416666666667 0.1259259259259259 0.015421875 0.027777777777777776
1 0.6161458333333333 0.11898148148148148 0.013541666666666667 0.025
0 0.7098958333333333 0.18359259259259259 0.03958854166666667 0.08385185185185186