0 0.93359375 0.46296296296296297 0.13177083333333334 0.22592592592592592
2 0.5973958333333333 0.19722222222222222 0.007291666666666667 0.02962962962962963
3 0.5557291666666667 0.18564814814814815 0.017708333333333333 0.041666666666666664
3 0.49505208333333334 0.6078703703703704 0.1109375 0.2712962962962963
3 0.5932291666666667 0.16203703703703703 0.023958333333333335 0.053703703703703705
1 0.31302083333333336 0.6236111111111111 0.08020833333333334 0.1398148148148148
1 0.47239583333333335 0.42685185185185187 0.052083333333333336 0.10925925925925926
1 0.5315104166666667 0.25277777777777777 0.0265625 0.05185185185185185
1 0.5065104166666666 0.22453703703703703 0.022395833333333334 0.03425925925925926
1 0.5734375 0.24814814814814815 0.026041666666666668 0.053703703703703705
1 0.72421875 0.26157407407407407 0.03177083333333333 0.049074074074074076
1 0.6940104166666666 0.21898148148148147 0.021354166666666667 0.03796296296296296
1 0.409375 0.4152777777777778 0.05 0.06944444444444445
1 0.6239583333333333 0.17175925925925925 0.014583333333333334 0.026851851851851852
1 0.6674479166666667 0.18101851851851852 0.016145833333333335 0.028703703703703703
1 0.6052083333333333 0.12962962962962962 0.019791666666666666 0.040740740740740744
1 0.6158854166666666 0.1087962962962963 0.015104166666666667 0.026851851851851852
1 0.5869791666666667 0.13425925925925927 0.011458333333333333 0.018518518518518517
1 0.6182291666666667 0.08518518518518518 0.008333333333333333 0.016666666666666666
1 0.5872395833333334 0.10925925925925926 0.008854166666666666 0.016666666666666666
1 0.63984375 0.07314814814814814 0.009895833333333333 0.018518518518518517