0 0.8190104166666666 0.2791666666666667 0.0859375 0.15462962962962962
1 0.3854166666666667 0.75 0.09270833333333334 0.17592592592592593
1 0.19557291666666668 0.9018518518518519 0.13489583333333333 0.1925925925925926
1 0.5403645833333334 0.3574074074074074 0.033854166666666664 0.05555555555555555
1 0.5341145833333333 0.25416666666666665 0.025520833333333333 0.041666666666666664
1 0.48489583333333336 0.26990740740740743 0.03125 0.04351851851851852
1 0.984375 0.5921296296296297 0.030208333333333334 0.09351851851851851
1 0.26067708333333334 0.41388888888888886 0.04635416666666667 0.04814814814814815
1 0.5533072916666666 0.18235185185185185 0.019114583333333334 0.02211111111111111
1 0.5557291666666667 0.1537037037037037 0.017708333333333333 0.024074074074074074
1 0.5203125 0.2125 0.022916666666666665 0.03796296296296296
1 0.59453125 0.18333333333333332 0.019270833333333334 0.02962962962962963
1 0.5802083333333333 0.14814814814814814 0.015625 0.022222222222222223
1 0.5817708333333333 0.21666666666666667 0.019791666666666666 0.04259259259259259
1 0.5854166666666667 0.23981481481481481 0.029166666666666667 0.05185185185185185
1 0.5541250000000001 0.2094351851851852 0.017062499999999998 0.031824074074074074
1 0.5808489583333334 0.1263240740740741 0.012744791666666666 0.019314814814814816
1 0.6139843749999999 0.1381388888888889 0.014432291666666668 0.01700925925925926
1 0.6324010416666667 0.12591666666666668 0.010630208333333334 0.014796296296296297
1 0.6032135416666667 0.15262037037037038 0.015802083333333335 0.018203703703703705
1 0.5963229166666667 0.11768518518518518 0.011401041666666667 0.014990740740740742