3 0.43776041666666665 0.27546296296296297 0.044270833333333336 0.12129629629629629
1 0.6953125 0.8634259259259259 0.1 0.2324074074074074
1 0.5572916666666666 0.3435185185185185 0.0375 0.05925925925925926
1 0.5447916666666667 0.4930555555555556 0.06041666666666667 0.12685185185185185
1 0.5096354166666667 0.2587962962962963 0.024479166666666666 0.03796296296296296
1 0.7752604166666667 0.5412037037037037 0.0671875 0.0787037037037037
1 0.57578125 0.2490740740740741 0.018229166666666668 0.037037037037037035
1 0.40989583333333335 0.24027777777777778 0.020833333333333332 0.03981481481481482
1 0.45755208333333336 0.18518518518518517 0.016145833333333335 0.025925925925925925
1 0.44296875 0.1537037037037037 0.0140625 0.020370370370370372
1 0.4166666666666667 0.20555555555555555 0.01875 0.03148148148148148
2 0.3785729166666666 0.18688888888888888 0.010703124999999977 0.024055555555555573
1 0.37994791666666666 0.15787037037037038 0.0140625 0.026851851851851852
1 0.66171875 0.37824074074074077 0.043229166666666666 0.05277777777777778
1 0.9635416666666666 0.8648148148148148 0.07291666666666667 0.15925925925925927
1 0.38255208333333335 0.13425925925925927 0.009895833333333333 0.016666666666666666
1 0.3731770833333333 0.13472222222222222 0.011979166666666667 0.026851851851851852
2 0.399359375 0.12282407407407409 0.006489583333333352 0.01787037037037038
1 0.37942708333333336 0.1087962962962963 0.009895833333333333 0.017592592592592594
1 0.3625 0.07824074074074074 0.008333333333333333 0.017592592592592594
1 0.41328125 0.1175925925925926 0.008854166666666666 0.014814814814814815
1 0.39401041666666664 0.09398148148148149 0.0078125 0.013888888888888888
2 0.35892187500000006 0.10354629629629629 0.005078125 0.014490740740740747