1 0.5721354166666667 0.2861111111111111 0.0265625 0.05555555555555555
1 0.509375 0.3101851851851852 0.034375 0.05740740740740741
1 0.5028645833333333 0.6476851851851851 0.0671875 0.1527777777777778
1 0.5307291666666667 0.19166666666666668 0.019791666666666666 0.027777777777777776
1 0.575 0.23148148148148148 0.023958333333333335 0.046296296296296294
1 0.6591145833333333 0.1648148148148148 0.0171875 0.024074074074074074
1 0.52421875 0.14305555555555555 0.013020833333333334 0.017592592592592594
1 0.5885416666666666 0.19444444444444445 0.022916666666666665 0.04259259259259259
1 0.57265625 0.1375 0.0171875 0.025
1 0.5901041666666667 0.11944444444444445 0.010416666666666666 0.027777777777777776
1 0.5966145833333333 0.1597222222222222 0.016145833333333335 0.021296296296296296
1 0.228 0.45023148148148145 0.06120833333333333 0.056018518518518516
0 0.8140260416666667 0.2818425925925926 0.09096354166666668 0.15489814814814815
1 0.6084114583333334 0.14103703703703704 0.011614583333333334 0.013555555555555557