0 0.18098958333333334 0.2791666666666667 0.0859375 0.15462962962962962
1 0.6145833333333334 0.75 0.09270833333333334 0.17592592592592593
1 0.8044270833333333 0.9018518518518519 0.13489583333333333 0.1925925925925926
1 0.4596354166666667 0.3574074074074074 0.033854166666666664 0.05555555555555555
1 0.46588541666666666 0.25416666666666665 0.025520833333333333 0.041666666666666664
1 0.5151041666666667 0.26990740740740743 0.03125 0.04351851851851852
1 0.015625 0.5921296296296297 0.030208333333333334 0.09351851851851851
1 0.7393229166666667 0.41388888888888886 0.04635416666666667 0.04814814814814815
1 0.44669270833333335 0.18235185185185185 0.01911458333333336 0.022111111111111106
1 0.44427083333333334 0.1537037037037037 0.017708333333333333 0.024074074074074074
1 0.4796875 0.2125 0.022916666666666665 0.03796296296296296
1 0.40546875 0.18333333333333332 0.019270833333333334 0.02962962962962963
1 0.4197916666666667 0.14814814814814814 0.015625 0.022222222222222223
1 0.41822916666666665 0.21666666666666667 0.019791666666666666 0.04259259259259259
1 0.41458333333333336 0.23981481481481481 0.029166666666666667 0.05185185185185185
1 0.44587499999999997 0.2094351851851852 0.017062499999999994 0.03182407407407408
1 0.41915104166666667 0.1263240740740741 0.01274479166666668 0.019314814814814826
1 0.38601562500000003 0.1381388888888889 0.014432291666666685 0.017009259259259262
1 0.36759895833333334 0.12591666666666668 0.010630208333333375 0.014796296296296313
1 0.3967864583333333 0.15262037037037038 0.01580208333333329 0.018203703703703725
1 0.4036770833333333 0.11768518518518518 0.011401041666666719 0.014990740740740739