3 0.5622395833333333 0.27546296296296297 0.044270833333333336 0.12129629629629629
1 0.3046875 0.8634259259259259 0.1 0.2324074074074074
1 0.4427083333333333 0.3435185185185185 0.0375 0.05925925925925926
1 0.4552083333333333 0.4930555555555556 0.06041666666666667 0.12685185185185185
1 0.4903645833333333 0.2587962962962963 0.024479166666666666 0.03796296296296296
1 0.22473958333333333 0.5412037037037037 0.0671875 0.0787037037037037
1 0.42421875 0.2490740740740741 0.018229166666666668 0.037037037037037035
1 0.5901041666666667 0.24027777777777778 0.020833333333333332 0.03981481481481482
1 0.5424479166666667 0.18518518518518517 0.016145833333333335 0.025925925925925925
1 0.55703125 0.1537037037037037 0.0140625 0.020370370370370372
1 0.5833333333333334 0.20555555555555555 0.01875 0.03148148148148148
2 0.6214270833333334 0.18688888888888888 0.010703125 0.024055555555555556
1 0.6200520833333333 0.15787037037037038 0.0140625 0.026851851851851852
1 0.33828125 0.37824074074074077 0.043229166666666666 0.05277777777777778
1 0.036458333333333336 0.8648148148148148 0.07291666666666667 0.15925925925925927
1 0.6174479166666667 0.13425925925925927 0.009895833333333333 0.016666666666666666
1 0.6268229166666667 0.13472222222222222 0.011979166666666667 0.026851851851851852
2 0.600640625 0.12282407407407409 0.006489583333333334 0.01787037037037037
1 0.6205729166666667 0.1087962962962963 0.009895833333333333 0.017592592592592594
1 0.6375 0.07824074074074074 0.008333333333333333 0.017592592592592594
1 0.58671875 0.1175925925925926 0.008854166666666666 0.014814814814814815
1 0.6059895833333333 0.09398148148148149 0.0078125 0.013888888888888888
2 0.6410781249999999 0.10354629629629629 0.005078125 0.014490740740740742