0 0.81015625 0.2916666666666667 0.08072916666666667 0.11481481481481481
1 0.43776041666666665 0.6226851851851852 0.0703125 0.14351851851851852
1 0.21223958333333334 0.8476851851851852 0.10989583333333333 0.20092592592592592
1 0.48932291666666666 0.38935185185185184 0.04114583333333333 0.075
1 0.54296875 0.47638888888888886 0.0484375 0.11018518518518519
1 0.7020833333333333 0.23055555555555557 0.026041666666666668 0.046296296296296294
1 0.44453125 0.33796296296296297 0.03697916666666667 0.05925925925925926
1 0.49947916666666664 0.24027777777777778 0.023958333333333335 0.03611111111111111
1 0.25859375 0.4828703703703704 0.0609375 0.075
1 0.6122395833333333 0.23148148148148148 0.021354166666666667 0.03518518518518519
1 0.34348958333333335 0.36018518518518516 0.0421875 0.053703703703703705
1 0.5755208333333334 0.2462962962962963 0.023958333333333335 0.04814814814814815
3 0.5395260416666667 0.21856481481481482 0.03009375 0.07398148148148148
1 0.5671875 0.18101851851851852 0.014583333333333334 0.026851851851851852
1 0.4239583333333333 0.24814814814814815 0.01875 0.040740740740740744
1 0.59921875 0.16527777777777777 0.0140625 0.021296296296296296
1 0.5658854166666667 0.14305555555555555 0.0109375 0.017592592592592594
1 0.65078125 0.1425925925925926 0.0140625 0.022222222222222223
1 0.5494791666666666 0.16898148148148148 0.011458333333333333 0.017592592592592594
1 0.6388020833333333 0.10416666666666667 0.008854166666666666 0.013888888888888888
1 0.6096354166666667 0.10462962962962963 0.008854166666666666 0.014814814814814815
1 0.6046875 0.09166666666666666 0.007291666666666667 0.012962962962962963
1 0.61796875 0.09444444444444444 0.0078125 0.012962962962962963