0 0.20963541666666666 0.27175925925925926 0.0765625 0.10833333333333334
3 0.4471354166666667 0.36944444444444446 0.059895833333333336 0.14814814814814814
3 0.41484375 0.1763888888888889 0.025520833333333333 0.06574074074074074
3 0.39791666666666664 0.1388888888888889 0.019791666666666666 0.040740740740740744
1 0.7244791666666667 0.6657407407407407 0.08645833333333333 0.1574074074074074
1 0.5700520833333333 0.37037037037037035 0.0453125 0.06851851851851852
1 0.7106770833333333 0.9731481481481481 0.08697916666666666 0.05
1 0.26848958333333334 0.4300925925925926 0.0484375 0.08796296296296297
1 0.36432291666666666 0.22962962962962963 0.019270833333333334 0.03518518518518519
1 0.64296875 0.3365740740740741 0.0359375 0.05277777777777778
1 0.5125 0.2662037037037037 0.027083333333333334 0.03796296296296296
1 0.4796875 0.2722222222222222 0.028125 0.06111111111111111
1 0.4549479166666667 0.21712962962962962 0.019270833333333334 0.03425925925925926
1 0.4890625 0.22083333333333333 0.019791666666666666 0.028703703703703703
1 0.45755208333333336 0.17083333333333334 0.016145833333333335 0.023148148148148147
1 0.52890625 0.4273148148148148 0.04635416666666667 0.0824074074074074
1 0.34479166666666666 0.15601851851851853 0.013541666666666667 0.021296296296296296
1 0.371875 0.13657407407407407 0.011458333333333333 0.019444444444444445
1 0.38203125 0.11481481481481481 0.009895833333333333 0.020370370370370372
1 0.41041666666666665 0.10972222222222222 0.007291666666666667 0.013888888888888888
1 0.33229166666666665 0.18564814814814815 0.0125 0.025
1 0.44140625 0.14722222222222223 0.0109375 0.018518518518518517
1 0.3606770833333333 0.10231481481481482 0.0078125 0.013888888888888888
1 0.3580729166666667 0.07083333333333333 0.008854166666666666 0.012037037037037037
1 0.37005208333333334 0.07361111111111111 0.008854166666666666 0.012037037037037037
1 0.39010416666666664 0.08564814814814815 0.007291666666666667 0.010185185185185186
1 0.42682291666666666 0.1287037037037037 0.009895833333333333 0.016666666666666666
1 0.38828125 0.13055555555555556 0.0078125 0.018518518518518517
1 0.43046875 0.16203703703703703 0.008854166666666666 0.022222222222222223