3 0.8028645833333333 0.23703703703703705 0.03802083333333333 0.05925925925925926
3 0.6859375 0.21342592592592594 0.021875 0.04722222222222222
3 0.6729166666666667 0.13425925925925927 0.013541666666666667 0.03333333333333333
3 0.7309895833333333 0.35509259259259257 0.022395833333333334 0.05277777777777778
1 0.45807291666666666 0.33287037037037037 0.050520833333333334 0.062037037037037036
1 0.34609375 0.20925925925925926 0.024479166666666666 0.03333333333333333
3 0.30052083333333335 0.2064814814814815 0.021875 0.040740740740740744
1 0.56015625 0.2125 0.0109375 0.021296296296296296
1 0.5888020833333333 0.2601851851851852 0.0140625 0.025925925925925925
1 0.7541666666666667 0.21342592592592594 0.014583333333333334 0.023148148148148147
1 0.7114583333333333 0.3037037037037037 0.020833333333333332 0.03333333333333333
1 0.32369791666666664 0.16527777777777777 0.013020833333333334 0.019444444444444445
1 0.68671875 0.16712962962962963 0.009895833333333333 0.01574074074074074
1 0.33958333333333335 0.1449074074074074 0.010416666666666666 0.013888888888888888
1 0.5643229166666667 0.1111111111111111 0.0067708333333333336 0.012962962962962963
1 0.6583333333333333 0.14722222222222223 0.009375 0.012962962962962963
1 0.6708333333333333 0.14351851851851852 0.010416666666666666 0.014814814814814815
1 0.33151041666666664 0.1537037037037037 0.0109375 0.016666666666666666
1 0.67421875 0.12638888888888888 0.0109375 0.017592592592592594
1 0.92109375 0.3236111111111111 0.0203125 0.028703703703703703
1 0.5729166666666666 0.11481481481481481 0.007291666666666667 0.012962962962962963
1 0.6481770833333333 0.10648148148148148 0.009895833333333333 0.014814814814814815
2 0.84990625 0.29360185185185184 0.008140625 0.020537037037037038