2 0.5182291666666666 0.5907407407407408 0.03333333333333333 0.07962962962962963
3 0.7809895833333333 0.3814814814814815 0.05364583333333333 0.10740740740740741
3 0.6934895833333333 0.14907407407407408 0.0171875 0.03148148148148148
1 0.5614583333333333 0.4550925925925926 0.07395833333333333 0.08611111111111111
1 0.5552083333333333 0.15925925925925927 0.009375 0.020370370370370372
1 0.59609375 0.2763888888888889 0.013020833333333334 0.025
1 0.53671875 0.15 0.011979166666666667 0.027777777777777776
1 0.5611979166666666 0.24675925925925926 0.011979166666666667 0.023148148148148147
1 0.3296875 0.15046296296296297 0.0125 0.019444444444444445
1 0.68515625 0.22037037037037038 0.019270833333333334 0.044444444444444446
1 0.92578125 0.40185185185185185 0.03177083333333333 0.046296296296296294
1 0.5942708333333333 0.3449074074074074 0.022916666666666665 0.041666666666666664
1 0.5520833333333334 0.10972222222222222 0.00625 0.012037037037037037
3 0.7583333333333333 0.20416666666666666 0.028125 0.03425925925925926
2 0.8682291666666667 0.3194444444444444 0.009375 0.027777777777777776
1 0.53515625 0.22824074074074074 0.0109375 0.025
1 0.6294270833333333 0.10833333333333334 0.0078125 0.012962962962962963
1 0.6591145833333333 0.15046296296296297 0.009895833333333333 0.013888888888888888
1 0.671875 0.15138888888888888 0.009375 0.013888888888888888
1 0.5361979166666667 0.19444444444444445 0.013020833333333334 0.027777777777777776
1 0.6606302083333334 0.13587962962962963 0.008760416666666666 0.008787037037037038
1 0.6709479166666666 0.13641666666666669 0.007520833333333333 0.013574074074074073