2 0.21276041666666667 0.41712962962962963 0.008854166666666666 0.032407407407407406
2 0.2484375 0.4736111111111111 0.010416666666666666 0.041666666666666664
1 0.6708333333333333 0.1912037037037037 0.020833333333333332 0.03611111111111111
1 0.4630208333333333 0.20092592592592592 0.010416666666666666 0.022222222222222223
1 0.44140625 0.15462962962962962 0.008854166666666666 0.018518518518518517
1 0.4395833333333333 0.21944444444444444 0.010416666666666666 0.020370370370370372
1 0.4549479166666667 0.11805555555555555 0.0109375 0.023148148148148147
1 0.33541666666666664 0.15 0.009375 0.016666666666666666
1 0.4278645833333333 0.11851851851851852 0.008854166666666666 0.012962962962962963
1 0.06458333333333334 0.40925925925925927 0.021875 0.037037037037037035
1 0.32760416666666664 0.12824074074074074 0.011458333333333333 0.021296296296296296
1 0.4388020833333333 0.11388888888888889 0.005729166666666666 0.012962962962962963
1 0.3234375 0.14953703703703702 0.010416666666666666 0.012037037037037037
1 0.34375 0.1259259259259259 0.008333333333333333 0.020370370370370372
1 0.4315104166666667 0.10555555555555556 0.0078125 0.012962962962962963
2 0.4281302083333333 0.32480555555555557 0.011812500000000033 0.03463888888888886
2 0.43072916666666666 0.2791666666666667 0.00625 0.019444444444444445
1 0.37109375 0.09537037037037037 0.008854166666666666 0.016666666666666666
2 0.6848593749999999 0.13975 0.005286458333333381 0.018398148148148153