3 0.6638020833333333 0.24166666666666667 0.05572916666666667 0.10185185185185185
3 0.23541666666666666 0.3574074074074074 0.028125 0.06296296296296296
3 0.7018229166666666 0.15324074074074073 0.021354166666666667 0.04722222222222222
3 0.35859375 0.8763888888888889 0.2640625 0.24351851851851852
1 0.5052083333333334 0.4976851851851852 0.078125 0.09537037037037037
1 0.27708333333333335 0.6296296296296297 0.11354166666666667 0.1388888888888889
1 0.2375 0.8888888888888888 0.16041666666666668 0.21851851851851853
1 0.728125 0.19953703703703704 0.017708333333333333 0.03796296296296296
1 0.27109375 0.3587962962962963 0.019270833333333334 0.03796296296296296
1 0.19713541666666667 0.24953703703703703 0.019270833333333334 0.025
1 0.67265625 0.18333333333333332 0.016145833333333335 0.024074074074074074
1 0.1671875 0.30925925925925923 0.023958333333333335 0.03148148148148148
1 0.73515625 0.17546296296296296 0.0140625 0.030555555555555555
1 0.6619791666666667 0.13842592592592592 0.011458333333333333 0.025
1 0.30625 0.18101851851851852 0.013541666666666667 0.017592592592592594
1 0.08177083333333333 0.37175925925925923 0.019791666666666666 0.03425925925925926
1 0.25807291666666665 0.20787037037037037 0.013020833333333334 0.019444444444444445
1 0.26640625 0.2152777777777778 0.015104166666666667 0.019444444444444445
1 0.33984375 0.12129629629629629 0.013020833333333334 0.022222222222222223
1 0.46015625 0.11851851851851852 0.0078125 0.014814814814814815
1 0.46119791666666665 0.15833333333333333 0.008854166666666666 0.020370370370370372
2 0.4534114583333333 0.14291666666666666 0.004744791666666614 0.014166666666666676
2 0.45214062499999996 0.12708333333333333 0.005088541666666657 0.011574074074074073
2 0.44638541666666665 0.12474999999999999 0.0030572916666666097 0.014324074074074086
1 0.4401041666666667 0.11388888888888889 0.007291666666666667 0.012962962962962963
1 0.73359375 0.13333333333333333 0.009895833333333333 0.012962962962962963
1 0.43359375 0.13425925925925927 0.008854166666666666 0.025925925925925925
1 0.4518229166666667 0.10972222222222222 0.0078125 0.012037037037037037
1 0.35078125 0.125 0.0078125 0.014814814814814815
1 0.434375 0.14074074074074075 0.008333333333333333 0.012962962962962963
1 0.340625 0.09166666666666666 0.014583333333333334 0.016666666666666666
1 0.3736979166666667 0.09675925925925925 0.013020833333333334 0.01574074074074074
1 0.43255208333333334 0.12731481481481483 0.0067708333333333336 0.012037037037037037
2 0.4340885416666667 0.29942592592592593 0.008906249999999952 0.02476851851851852
3 0.2676510416666667 0.17966666666666667 0.02095312500000001 0.03155555555555554