3 0.33619791666666665 0.24166666666666667 0.05572916666666667 0.10185185185185185
3 0.7645833333333333 0.3574074074074074 0.028125 0.06296296296296296
3 0.2981770833333333 0.15324074074074073 0.021354166666666667 0.04722222222222222
3 0.64140625 0.8763888888888889 0.2640625 0.24351851851851852
1 0.4947916666666667 0.4976851851851852 0.078125 0.09537037037037037
1 0.7229166666666667 0.6296296296296297 0.11354166666666667 0.1388888888888889
1 0.7625 0.8888888888888888 0.16041666666666668 0.21851851851851853
1 0.271875 0.19953703703703704 0.017708333333333333 0.03796296296296296
1 0.72890625 0.3587962962962963 0.019270833333333334 0.03796296296296296
1 0.8028645833333333 0.24953703703703703 0.019270833333333334 0.025
1 0.32734375 0.18333333333333332 0.016145833333333335 0.024074074074074074
1 0.8328125 0.30925925925925923 0.023958333333333335 0.03148148148148148
1 0.26484375 0.17546296296296296 0.0140625 0.030555555555555555
1 0.3380208333333333 0.13842592592592592 0.011458333333333333 0.025
1 0.69375 0.18101851851851852 0.013541666666666667 0.017592592592592594
1 0.9182291666666667 0.37175925925925923 0.019791666666666666 0.03425925925925926
1 0.7419270833333333 0.20787037037037037 0.013020833333333334 0.019444444444444445
1 0.73359375 0.2152777777777778 0.015104166666666667 0.019444444444444445
1 0.66015625 0.12129629629629629 0.013020833333333334 0.022222222222222223
1 0.53984375 0.11851851851851852 0.0078125 0.014814814814814815
1 0.5388020833333333 0.15833333333333333 0.008854166666666666 0.020370370370370372
2 0.5465885416666667 0.14291666666666666 0.004744791666666666 0.014166666666666668
2 0.547859375 0.12708333333333333 0.0050885416666666666 0.011574074074074073
2 0.5536145833333334 0.12474999999999999 0.003057291666666667 0.014324074074074074
1 0.5598958333333334 0.11388888888888889 0.007291666666666667 0.012962962962962963
1 0.26640625 0.13333333333333333 0.009895833333333333 0.012962962962962963
1 0.56640625 0.13425925925925927 0.008854166666666666 0.025925925925925925
1 0.5481770833333334 0.10972222222222222 0.0078125 0.012037037037037037
1 0.64921875 0.125 0.0078125 0.014814814814814815
1 0.565625 0.14074074074074075 0.008333333333333333 0.012962962962962963
1 0.659375 0.09166666666666666 0.014583333333333334 0.016666666666666666
1 0.6263020833333334 0.09675925925925925 0.013020833333333334 0.01574074074074074
1 0.5674479166666667 0.12731481481481483 0.0067708333333333336 0.012037037037037037
2 0.5659114583333333 0.29942592592592593 0.008906250000000001 0.02476851851851852
3 0.7323489583333332 0.17966666666666667 0.020953125 0.03155555555555555