3 0.27708333333333335 0.6643518518518519 0.04583333333333333 0.08796296296296297
1 0.29583333333333334 0.3907407407407407 0.019791666666666666 0.037037037037037035
1 0.32708333333333334 0.25416666666666665 0.013541666666666667 0.019444444444444445
1 0.8440104166666667 0.2675925925925926 0.0359375 0.03148148148148148
1 0.07994791666666666 0.26805555555555555 0.019270833333333334 0.017592592592592594
1 0.3234375 0.22916666666666666 0.013541666666666667 0.01574074074074074
3 0.26572395833333334 0.27408333333333335 0.017562499999999998 0.04463888888888889
1 0.26848958333333334 0.18055555555555555 0.0078125 0.012962962962962963
1 0.34088541666666666 0.27546296296296297 0.021354166666666667 0.023148148148148147
2 0.2904322916666667 0.17751851851851852 0.005515625 0.013675925925925925
1 0.270296875 0.1520462962962963 0.008994791666666667 0.02014814814814815
1 0.28802083333333334 0.16064814814814815 0.008333333333333333 0.012037037037037037
2 0.30396875 0.2108611111111111 0.006203125 0.016166666666666666