3 0.290625 0.8125 0.08020833333333334 0.2324074074074074
3 0.40963541666666664 0.924537037037037 0.0703125 0.14907407407407408
3 0.33177083333333335 0.5453703703703704 0.05416666666666667 0.13333333333333333
3 0.27369791666666665 0.6398148148148148 0.04010416666666667 0.1259259259259259
3 0.30520833333333336 0.3763888888888889 0.036458333333333336 0.09722222222222222
1 0.396875 0.5782407407407407 0.03958333333333333 0.075
1 0.53046875 0.7537037037037037 0.06510416666666667 0.09814814814814815
1 0.45989583333333334 0.8013888888888889 0.06041666666666667 0.10833333333333334
1 0.36380208333333336 0.7226851851851852 0.0484375 0.09166666666666666
1 0.4505208333333333 0.5504629629629629 0.040625 0.058333333333333334
1 0.3611979166666667 0.45231481481481484 0.028645833333333332 0.04351851851851852
1 0.2721354166666667 0.5393518518518519 0.030729166666666665 0.06388888888888888
1 0.390625 0.41064814814814815 0.025 0.03611111111111111
1 0.27447916666666666 0.45601851851851855 0.023958333333333335 0.04351851851851852
1 0.3372395833333333 0.3611111111111111 0.021354166666666667 0.03333333333333333
1 0.36276041666666664 0.33240740740740743 0.019270833333333334 0.03333333333333333
1 0.2596354166666667 0.4273148148148148 0.021354166666666667 0.03981481481481482
1 0.26328125 0.3814814814814815 0.019270833333333334 0.03333333333333333
3 0.29394270833333336 0.28248148148148144 0.017864583333333333 0.04850925925925926
1 0.34453125 0.29074074074074074 0.015104166666666667 0.022222222222222223
1 0.8348958333333333 0.26435185185185184 0.028125 0.025
1 0.31640625 0.28425925925925927 0.015104166666666667 0.03148148148148148
1 0.27005208333333336 0.34629629629629627 0.0171875 0.03148148148148148
1 0.2591145833333333 0.3277777777777778 0.016145833333333335 0.02962962962962963
1 0.3255208333333333 0.31712962962962965 0.015625 0.028703703703703703
3 0.042505208333333336 0.2696296296296296 0.03847916666666666 0.03801851851851852
1 0.08229166666666667 0.26805555555555555 0.025 0.028703703703703703
1 0.3375 0.26435185185185184 0.0125 0.023148148148148147
1 0.2630208333333333 0.2861111111111111 0.014583333333333334 0.022222222222222223
0 0.2878697916666667 0.24312037037037038 0.016130208333333333 0.03459259259259259
1 0.3263020833333333 0.24259259259259258 0.015104166666666667 0.027777777777777776
3 0.264578125 0.2480092592592593 0.019901041666666668 0.047453703703703706
1 0.30859375 0.25555555555555554 0.0140625 0.025925925925925925
1 0.26614583333333336 0.2125 0.013541666666666667 0.021296296296296296
2 0.40425520833333334 0.49793518518518515 0.013713541666666666 0.04856481481481482
2 0.46770833333333334 0.6976851851851852 0.016666666666666666 0.049074074074074076
2 0.43671875 0.5995370370370371 0.016145833333333335 0.05277777777777778
2 0.23046875 0.49722222222222223 0.011979166666666667 0.040740740740740744
3 0.28562499999999996 0.2140462962962963 0.010598958333333333 0.019046296296296297
1 0.30146875 0.22175925925925927 0.008604166666666666 0.013481481481481481
1 0.32128125 0.21996296296296297 0.008307291666666666 0.012972222222222222
1 0.2992135416666667 0.21037962962962964 0.008895833333333332 0.010268518518518519
3 0.282671875 0.18975925925925927 0.012333333333333333 0.019851851851851853
1 0.29669270833333333 0.19783333333333333 0.007739583333333333 0.011925925925925927
1 0.31824479166666664 0.20972222222222223 0.009010416666666667 0.014240740740740741
1 0.31111458333333336 0.20199999999999999 0.005911458333333333 0.00937962962962963
1 0.31111458333333336 0.19317592592592592 0.007401041666666667 0.007611111111111112
1 0.30894791666666666 0.18458333333333332 0.008270833333333333 0.008925925925925926
1 0.30658854166666666 0.17641666666666667 0.008020833333333333 0.01112962962962963
3 0.2815729166666667 0.16537037037037036 0.009442708333333332 0.019222222222222224