1 0.7604166666666666 0.8657407407407407 0.08645833333333333 0.1388888888888889
1 0.37473958333333335 0.3925925925925926 0.024479166666666666 0.03518518518518519
1 0.2640625 0.3578703703703704 0.025 0.05648148148148148
1 0.9091145833333333 0.9254629629629629 0.1078125 0.14537037037037037
1 0.30078125 0.3212962962962963 0.016145833333333335 0.03518518518518519
1 0.6447916666666667 0.6314814814814815 0.05 0.08148148148148149
1 0.30364583333333334 0.2550925925925926 0.013541666666666667 0.025
1 0.26197916666666665 0.27685185185185185 0.013541666666666667 0.022222222222222223
1 0.28411458333333334 0.25972222222222224 0.011979166666666667 0.025
1 0.26536458333333335 0.21342592592592594 0.008854166666666666 0.01574074074074074
1 0.6786458333333333 0.22592592592592592 0.022916666666666665 0.022222222222222223
1 0.2828125 0.21296296296296297 0.010416666666666666 0.027777777777777776
1 0.3104166666666667 0.2884259259259259 0.014583333333333334 0.025
1 0.2791666666666667 0.18888888888888888 0.010416666666666666 0.022222222222222223
1 0.2669270833333333 0.1824074074074074 0.009895833333333333 0.020370370370370372
1 0.2760416666666667 0.14583333333333334 0.007291666666666667 0.019444444444444445
1 0.7458333333333333 0.2439814814814815 0.014583333333333334 0.012037037037037037
1 0.28567708333333336 0.1537037037037037 0.005729166666666666 0.011111111111111112
1 0.25703125 0.1587962962962963 0.0078125 0.013888888888888888
1 0.26223958333333336 0.12638888888888888 0.005729166666666666 0.012037037037037037
1 0.29609375 0.1597222222222222 0.005729166666666666 0.010185185185185186
3 0.95546875 0.8277777777777777 0.08697916666666666 0.17407407407407408
1 0.2682291666666667 0.1375 0.00625 0.01574074074074074