3 0.07291666666666667 0.611574074074074 0.10520833333333333 0.14537037037037037
3 0.15755208333333334 0.46296296296296297 0.09114583333333333 0.1685185185185185
3 0.2387604166666667 0.3637314814814815 0.053515625 0.12375925925925924
1 0.5026041666666666 0.38935185185185184 0.027083333333333334 0.041666666666666664
1 0.4161458333333333 0.29305555555555557 0.01875 0.032407407407407406
1 0.13359375 0.6537037037037037 0.059895833333333336 0.10925925925925926
3 0.4484375 0.362962962962963 0.025 0.044444444444444446
1 0.2677083333333333 0.41388888888888886 0.015625 0.03518518518518519
1 0.2078125 0.3726851851851852 0.013541666666666667 0.03796296296296296
1 0.32838541666666665 0.26342592592592595 0.0140625 0.023148148148148147
1 0.14140625 0.4888888888888889 0.058854166666666666 0.11666666666666667
1 0.3078125 0.26666666666666666 0.013541666666666667 0.03148148148148148
3 0.290609375 0.2938425925925926 0.027755208333333316 0.06774999999999996
3 0.2984114583333334 0.23885185185185184 0.020442708333333334 0.05099074074074076
1 0.3251145833333334 0.2543888888888889 0.011869791666666648 0.02344444444444449
1 0.3203333333333333 0.24588888888888888 0.012859375000000029 0.03224074074074076