3 0.10989583333333333 0.5171296296296296 0.08333333333333333 0.16018518518518518
2 0.43307291666666664 0.32083333333333336 0.0078125 0.028703703703703703
1 0.09036458333333333 0.7384259259259259 0.0703125 0.10092592592592593
1 0.4979166666666667 0.5425925925925926 0.03958333333333333 0.06851851851851852
1 0.54609375 0.5138888888888888 0.04010416666666667 0.06666666666666667
1 0.24817708333333333 0.44537037037037036 0.033854166666666664 0.05
1 0.5322916666666667 0.6736111111111112 0.05625 0.1287037037037037
1 0.17760416666666667 0.4740740740740741 0.040625 0.07407407407407407
1 0.24296875 0.3050925925925926 0.0171875 0.030555555555555555
1 0.4734375 0.42685185185185187 0.03333333333333333 0.053703703703703705
1 0.4127604166666667 0.2587962962962963 0.015104166666666667 0.023148148148148147
1 0.3341145833333333 0.2657407407407407 0.016145833333333335 0.027777777777777776
1 0.29453125 0.2175925925925926 0.011979166666666667 0.016666666666666666
1 0.7754114583333334 0.5129814814814815 0.035635416666666704 0.05367592592592595
1 0.8291666666666667 0.42916666666666664 0.030208333333333334 0.03425925925925926
1 0.26901041666666664 0.40370370370370373 0.016145833333333335 0.040740740740740744
1 0.3125 0.23981481481481481 0.013541666666666667 0.018518518518518517
3 0.29989062499999997 0.2846759259259259 0.026843749999999982 0.045342592592592615
1 0.30442708333333335 0.25092592592592594 0.019270833333333334 0.024074074074074074
1 0.30885416666666665 0.2222222222222222 0.010416666666666666 0.012962962962962963
1 0.3848958333333333 0.23425925925925925 0.0125 0.016666666666666666
1 0.35833333333333334 0.24259259259259258 0.015625 0.020370370370370372
1 0.3411458333333333 0.2212962962962963 0.00625 0.014814814814814815