3 0.9270833333333334 0.611574074074074 0.10520833333333333 0.14537037037037037
3 0.8424479166666666 0.46296296296296297 0.09114583333333333 0.1685185185185185
3 0.7612395833333333 0.3637314814814815 0.053515625 0.12375925925925925
1 0.4973958333333333 0.38935185185185184 0.027083333333333334 0.041666666666666664
1 0.5838541666666667 0.29305555555555557 0.01875 0.032407407407407406
1 0.86640625 0.6537037037037037 0.059895833333333336 0.10925925925925926
3 0.5515625 0.362962962962963 0.025 0.044444444444444446
1 0.7322916666666667 0.41388888888888886 0.015625 0.03518518518518519
1 0.7921875 0.3726851851851852 0.013541666666666667 0.03796296296296296
1 0.6716145833333333 0.26342592592592595 0.0140625 0.023148148148148147
1 0.85859375 0.4888888888888889 0.058854166666666666 0.11666666666666667
1 0.6921875 0.26666666666666666 0.013541666666666667 0.03148148148148148
3 0.7093906249999999 0.2938425925925926 0.027755208333333333 0.06775
3 0.7015885416666666 0.23885185185185184 0.020442708333333334 0.05099074074074074
1 0.6748854166666667 0.2543888888888889 0.011869791666666666 0.023444444444444445
1 0.6796666666666666 0.24588888888888888 0.012859375000000001 0.03224074074074074