3 0.31197395833333336 0.6735925925925926 0.15415104166666668 0.3157037037037037
1 0.0359375 0.300462962962963 0.035416666666666666 0.06759259259259259
1 0.24140625 0.19490740740740742 0.025520833333333333 0.03611111111111111
1 0.23333333333333334 0.2833333333333333 0.03333333333333333 0.05
1 0.12630208333333334 0.24722222222222223 0.0234375 0.040740740740740744
1 0.07447916666666667 0.22175925925925927 0.023958333333333335 0.03611111111111111
1 0.1953125 0.16296296296296298 0.01875 0.040740740740740744
1 0.13046875 0.16157407407407406 0.0171875 0.026851851851851852
1 0.09140625 0.1824074074074074 0.0203125 0.02962962962962963
1 0.15729166666666666 0.12037037037037036 0.014583333333333334 0.025925925925925925
1 0.11927083333333334 0.12083333333333333 0.013541666666666667 0.021296296296296296
1 0.20833333333333334 0.09583333333333334 0.0125 0.019444444444444445
1 0.18671875 0.09027777777777778 0.011979166666666667 0.023148148148148147
1 0.1875 0.12037037037037036 0.015625 0.03148148148148148
2 0.197328125 0.06037962962962962 0.004187499999999999 0.019185185185185184
1 0.20625 0.06435185185185185 0.010416666666666666 0.017592592592592594
0 0.14596354166666667 0.08199074074074074 0.02109375 0.055685185185185185
1 0.16276041666666666 0.04675925925925926 0.008854166666666666 0.013888888888888888
1 0.17657812499999997 0.05560185185185185 0.007192708333333334 0.01300925925925926
1 0.18723958333333332 0.044444444444444446 0.008854166666666666 0.014814814814814815
1 0.18854166666666666 0.023148148148148147 0.009375 0.016666666666666666
1 0.20989583333333334 0.04861111111111111 0.007291666666666667 0.012037037037037037
1 0.18046875 0.034722222222222224 0.008854166666666666 0.013888888888888888
2 0.19280729166666666 0.03797222222222222 0.002932291666666667 0.00936111111111111
1 0.2046875 0.029166666666666667 0.00625 0.013888888888888888
3 0.165421875 0.07258333333333333 0.016255208333333333 0.036314814814814814
2 0.20272916666666668 0.01724074074074074 0.003421875 0.010231481481481482