1 0.5533854166666666 0.6773148148148148 0.10677083333333333 0.14351851851851852
1 0.7447916666666666 0.34120370370370373 0.042708333333333334 0.058333333333333334
1 0.8119791666666667 0.324537037037037 0.034375 0.05648148148148148
1 0.7278645833333334 0.25555555555555554 0.0359375 0.053703703703703705
1 0.8723958333333334 0.09861111111111111 0.014583333333333334 0.021296296296296296
1 0.8145833333333333 0.09166666666666666 0.011458333333333333 0.018518518518518517
1 0.8450520833333334 0.06018518518518518 0.0109375 0.014814814814814815
1 0.81425 0.046768518518518515 0.0059843749999998865 0.014111111111111106
1 0.8049479166666667 0.04537037037037037 0.013020833333333334 0.012962962962962963
1 0.82421875 0.050462962962962966 0.013020833333333334 0.01574074074074074
1 0.63984375 0.22361111111111112 0.019270833333333334 0.04351851851851852
1 0.8356770833333333 0.052314814814814814 0.008854166666666666 0.013888888888888888
1 0.7947916666666667 0.04583333333333333 0.010416666666666666 0.012037037037037037
3 0.97103125 0.37423148148148155 0.04544270833333333 0.2472222222222223