3 0.6880260416666667 0.6735925925925926 0.15415104166666657 0.31570370370370376
1 0.9640625 0.300462962962963 0.035416666666666666 0.06759259259259259
1 0.75859375 0.19490740740740742 0.025520833333333333 0.03611111111111111
1 0.7666666666666667 0.2833333333333333 0.03333333333333333 0.05
1 0.8736979166666666 0.24722222222222223 0.0234375 0.040740740740740744
1 0.9255208333333333 0.22175925925925927 0.023958333333333335 0.03611111111111111
1 0.8046875 0.16296296296296298 0.01875 0.040740740740740744
1 0.86953125 0.16157407407407406 0.0171875 0.026851851851851852
1 0.90859375 0.1824074074074074 0.0203125 0.02962962962962963
1 0.8427083333333333 0.12037037037037036 0.014583333333333334 0.025925925925925925
1 0.8807291666666667 0.12083333333333333 0.013541666666666667 0.021296296296296296
1 0.7916666666666666 0.09583333333333334 0.0125 0.019444444444444445
1 0.81328125 0.09027777777777778 0.011979166666666667 0.023148148148148147
1 0.8125 0.12037037037037036 0.015625 0.03148148148148148
2 0.802671875 0.06037962962962962 0.004187499999999981 0.019185185185185184
1 0.79375 0.06435185185185185 0.010416666666666666 0.017592592592592594
0 0.8540364583333333 0.08199074074074074 0.02109375 0.05568518518518519
1 0.8372395833333334 0.04675925925925926 0.008854166666666666 0.013888888888888888
1 0.823421875 0.05560185185185185 0.007192708333333305 0.013009259259259264
1 0.8127604166666667 0.044444444444444446 0.008854166666666666 0.014814814814814815
1 0.8114583333333333 0.023148148148148147 0.009375 0.016666666666666666
1 0.7901041666666667 0.04861111111111111 0.007291666666666667 0.012037037037037037
1 0.81953125 0.034722222222222224 0.008854166666666666 0.013888888888888888
2 0.8071927083333333 0.03797222222222222 0.0029322916666667236 0.00936111111111111
1 0.7953125 0.029166666666666667 0.00625 0.013888888888888888
3 0.834578125 0.07258333333333333 0.01625520833333335 0.036314814814814814
2 0.7972708333333334 0.01724074074074074 0.0034218750000000854 0.010231481481481484