1 0.4466145833333333 0.6773148148148148 0.10677083333333333 0.14351851851851852
1 0.2552083333333333 0.34120370370370373 0.042708333333333334 0.058333333333333334
1 0.18802083333333333 0.324537037037037 0.034375 0.05648148148148148
1 0.2721354166666667 0.25555555555555554 0.0359375 0.053703703703703705
1 0.12760416666666666 0.09861111111111111 0.014583333333333334 0.021296296296296296
1 0.18541666666666667 0.09166666666666666 0.011458333333333333 0.018518518518518517
1 0.15494791666666666 0.06018518518518518 0.0109375 0.014814814814814815
1 0.18575 0.046768518518518515 0.005984375 0.01411111111111111
1 0.19505208333333332 0.04537037037037037 0.013020833333333334 0.012962962962962963
1 0.17578125 0.050462962962962966 0.013020833333333334 0.01574074074074074
1 0.36015625 0.22361111111111112 0.019270833333333334 0.04351851851851852
1 0.16432291666666668 0.052314814814814814 0.008854166666666666 0.013888888888888888
1 0.20520833333333333 0.04583333333333333 0.010416666666666666 0.012037037037037037
3 0.028968749999999998 0.3742314814814815 0.04544270833333333 0.24722222222222223