3 0.8234375 0.20879629629629629 0.03125 0.0787037037037037
3 0.8356770833333333 0.08101851851851852 0.015104166666666667 0.030555555555555555
1 0.75546875 0.275 0.033854166666666664 0.05185185185185185
1 0.9440104166666666 0.2865740740740741 0.0296875 0.05092592592592592
1 0.80390625 0.16435185185185186 0.018229166666666668 0.026851851851851852
1 0.90703125 0.15787037037037038 0.018229166666666668 0.026851851851851852
1 0.8895833333333333 0.1175925925925926 0.014583333333333334 0.022222222222222223
1 0.8432291666666667 0.11805555555555555 0.014583333333333334 0.030555555555555555
1 0.840625 0.06018518518518518 0.009375 0.014814814814814815
1 0.80859375 0.046296296296296294 0.008854166666666666 0.014814814814814815
1 0.7994791666666666 0.031018518518518518 0.008333333333333333 0.010185185185185186
1 0.8098958333333334 0.020370370370370372 0.005208333333333333 0.011111111111111112
1 0.18307291666666667 0.007407407407407408 0.0171875 0.014814814814814815