2 0.65859375 0.28703703703703703 0.0171875 0.03148148148148148
2 0.6171875 0.25555555555555554 0.0125 0.02962962962962963
1 0.21536458333333333 0.3435185185185185 0.034895833333333334 0.04259259259259259
1 0.4401041666666667 0.19814814814814816 0.014583333333333334 0.022222222222222223
1 0.6013020833333333 0.22361111111111112 0.024479166666666666 0.028703703703703703
1 0.5841145833333333 0.25046296296296294 0.0296875 0.03425925925925926
1 0.33125 0.19212962962962962 0.0125 0.023148148148148147
1 0.5489583333333333 0.1837962962962963 0.023958333333333335 0.03425925925925926
1 0.46197916666666666 0.15092592592592594 0.014583333333333334 0.018518518518518517
1 0.38567708333333334 0.12453703703703704 0.009895833333333333 0.017592592592592594
1 0.6458333333333334 0.19166666666666668 0.020833333333333332 0.020370370370370372
1 0.48333333333333334 0.1476851851851852 0.016666666666666666 0.023148148148148147
1 0.3611979166666667 0.13055555555555556 0.0078125 0.012962962962962963
1 0.4734375 0.14675925925925926 0.0375 0.028703703703703703
1 0.42135416666666664 0.12824074074074074 0.008333333333333333 0.017592592592592594
1 0.39088541666666665 0.12361111111111112 0.0203125 0.019444444444444445
0 0.6111875 0.17432407407407408 0.04008333333333333 0.037537037037037035