1 0.65078125 0.35694444444444445 0.05364583333333333 0.062037037037037036
1 0.4674479166666667 0.7037037037037037 0.0796875 0.18333333333333332
1 0.55390625 0.2523148148148148 0.03177083333333333 0.03611111111111111
1 0.46015625 0.23333333333333334 0.019270833333333334 0.027777777777777776
1 0.06953125 0.7199074074074074 0.08385416666666666 0.16944444444444445
1 0.39921875 0.15462962962962962 0.015104166666666667 0.014814814814814815
1 0.7018229166666666 0.2152777777777778 0.018229166666666668 0.021296296296296296
1 0.37421875 0.12777777777777777 0.008854166666666666 0.020370370370370372
1 0.41953125 0.1259259259259259 0.0078125 0.018518518518518517
1 0.6869791666666667 0.20925925925925926 0.015625 0.018518518518518517
1 0.6955729166666667 0.21296296296296297 0.03177083333333333 0.025925925925925925
1 0.37864583333333335 0.12777777777777777 0.017708333333333333 0.020370370370370372
1 0.5408854166666667 0.17083333333333334 0.0109375 0.012037037037037037
1 0.45651041666666664 0.15324074074074073 0.013020833333333334 0.021296296296296296
1 0.371609375 0.1022037037037037 0.007802083333333334 0.011824074074074074
1 0.45538020833333337 0.1240925925925926 0.010760416666666666 0.020398148148148148