2 0.34739583333333335 0.687962962962963 0.036458333333333336 0.08148148148148149
2 0.3807291666666667 0.44305555555555554 0.019791666666666666 0.04537037037037037
2 0.44036458333333334 0.2523148148148148 0.009895833333333333 0.028703703703703703
3 0.04739583333333333 0.6171296296296296 0.09375 0.24351851851851852
3 0.2799479166666667 0.2949074074074074 0.06614583333333333 0.08611111111111111
3 0.43697916666666664 0.1986111111111111 0.022916666666666665 0.03981481481481482
3 0.59609375 0.17685185185185184 0.015104166666666667 0.040740740740740744
1 0.3697916666666667 0.9125 0.12708333333333333 0.1712962962962963
1 0.8388020833333333 0.42777777777777776 0.0453125 0.06481481481481481
1 0.43515625 0.4310185185185185 0.0640625 0.08981481481481482
1 0.7190104166666667 0.2847222222222222 0.0265625 0.03425925925925926
1 0.22864583333333333 0.41203703703703703 0.07083333333333333 0.0962962962962963
1 0.39869791666666665 0.29907407407407405 0.03697916666666667 0.044444444444444446
1 0.5645833333333333 0.26481481481481484 0.026041666666666668 0.046296296296296294
1 0.6828125 0.21944444444444444 0.015625 0.022222222222222223
1 0.3729166666666667 0.23472222222222222 0.029166666666666667 0.041666666666666664
2 0.5281145833333334 0.22287037037037036 0.007312499999999981 0.02721296296296295
1 0.5140625 0.1865740740740741 0.016666666666666666 0.025
1 0.40911458333333334 0.23287037037037037 0.025520833333333333 0.030555555555555555
1 0.6010416666666667 0.19907407407407407 0.016666666666666666 0.027777777777777776
1 0.5549479166666667 0.20972222222222223 0.016145833333333335 0.023148148148148147
1 0.48098958333333336 0.22083333333333333 0.022395833333333334 0.026851851851851852
1 0.46119791666666665 0.2152777777777778 0.021354166666666667 0.026851851851851852
1 0.4171875 0.24953703703703703 0.028125 0.03425925925925926
1 0.28984375 0.32916666666666666 0.0453125 0.05648148148148148
1 0.5013020833333334 0.24444444444444444 0.0234375 0.02962962962962963
1 0.5536197916666666 0.14871296296296296 0.006197916666666714 0.01594444444444447
2 0.5436666666666667 0.15144444444444444 0.007458333333333418 0.017712962962962958
1 0.53125 0.15462962962962962 0.010416666666666666 0.016666666666666666
2 0.5658125 0.18846296296296294 0.007963541666666648 0.021361111111111105
1 0.5416666666666666 0.19166666666666668 0.014583333333333334 0.018518518518518517
1 0.5638020833333334 0.16064814814814815 0.013020833333333334 0.021296296296296296
1 0.6005208333333333 0.13564814814814816 0.007291666666666667 0.012037037037037037
1 0.61484375 0.12777777777777777 0.009895833333333333 0.016666666666666666
1 0.5908854166666667 0.13148148148148148 0.0078125 0.011111111111111112
1 0.6263020833333334 0.1398148148148148 0.0078125 0.012962962962962963
1 0.6434895833333333 0.15787037037037038 0.019270833333333334 0.021296296296296296
2 0.5824270833333334 0.14668518518518517 0.007026041666666553 0.019287037037037023
1 0.561203125 0.13959259259259257 0.007796874999999896 0.016222222222222204