1 0.5622395833333333 0.2037037037037037 0.022395833333333334 0.025925925925925925
1 0.5661458333333333 0.3375 0.041666666666666664 0.05277777777777778
1 0.4401041666666667 0.2851851851851852 0.026041666666666668 0.037037037037037035
1 0.5130208333333334 0.2587962962962963 0.029166666666666667 0.03981481481481482
1 0.396875 0.2537037037037037 0.022916666666666665 0.03148148148148148
1 0.28619791666666666 0.2300925925925926 0.019270833333333334 0.023148148148148147
1 0.5731770833333333 0.2712962962962963 0.03177083333333333 0.037037037037037035
1 0.565625 0.22962962962962963 0.027083333333333334 0.03888888888888889
1 0.4434895833333333 0.20416666666666666 0.0171875 0.023148148148148147
1 0.5111979166666667 0.17592592592592593 0.0140625 0.016666666666666666
1 0.48671875 0.1712962962962963 0.013020833333333334 0.016666666666666666
1 0.3890625 0.21157407407407408 0.014583333333333334 0.028703703703703703
1 0.4171875 0.2152777777777778 0.017708333333333333 0.025
1 0.46875 0.1986111111111111 0.01875 0.026851851851851852
1 0.38333333333333336 0.17546296296296296 0.0125 0.021296296296296296
1 0.4041666666666667 0.17592592592592593 0.0125 0.022222222222222223
1 0.3375 0.18425925925925926 0.011458333333333333 0.016666666666666666
1 0.4609375 0.15231481481481482 0.010416666666666666 0.01574074074074074
1 0.4510416666666667 0.13703703703703704 0.009375 0.014814814814814815
1 0.41432291666666665 0.1597222222222222 0.009895833333333333 0.017592592592592594
1 0.4283854166666667 0.15555555555555556 0.008854166666666666 0.012962962962962963
1 0.38203125 0.11944444444444445 0.0067708333333333336 0.012962962962962963
1 0.3963541666666667 0.12546296296296297 0.008333333333333333 0.012037037037037037
1 0.43776041666666665 0.13796296296296295 0.008854166666666666 0.012962962962962963
1 0.3450520833333333 0.16527777777777777 0.0067708333333333336 0.012037037037037037
1 0.40625 0.14444444444444443 0.009375 0.014814814814814815
1 0.4786458333333333 0.12546296296296297 0.007291666666666667 0.010185185185185186
1 0.4283854166666667 0.18055555555555555 0.005729166666666666 0.018518518518518517
1 0.46510416666666665 0.12222222222222222 0.007291666666666667 0.011111111111111112
1 0.42578125 0.12129629629629629 0.0078125 0.012962962962962963
1 0.3390625 0.15324074074074073 0.009375 0.012037037037037037
1 0.9934895833333334 0.7287037037037037 0.011979166666666667 0.06851851851851852