3 0.73125 0.2851851851851852 0.040625 0.07407407407407407
1 0.90234375 0.6712962962962963 0.0765625 0.13148148148148148
1 0.12473958333333333 0.5370370370370371 0.08802083333333334 0.1111111111111111
1 0.25286458333333334 0.45416666666666666 0.08177083333333333 0.10277777777777777
1 0.36953125 0.29074074074074074 0.04114583333333333 0.044444444444444446
1 0.4427083333333333 0.32222222222222224 0.042708333333333334 0.05
1 0.42083333333333334 0.2722222222222222 0.03854166666666667 0.044444444444444446
1 0.79453125 0.36203703703703705 0.04114583333333333 0.04814814814814815
1 0.49140625 0.18472222222222223 0.019270833333333334 0.023148148148148147
1 0.6802083333333333 0.18287037037037038 0.013541666666666667 0.017592592592592594
1 0.7786458333333334 0.31712962962962965 0.03125 0.04537037037037037
1 0.29322916666666665 0.22407407407407406 0.027083333333333334 0.024074074074074074
1 0.40911458333333334 0.1736111111111111 0.015104166666666667 0.019444444444444445
1 0.58046875 0.1675925925925926 0.0140625 0.018518518518518517
1 0.5911458333333334 0.1486111111111111 0.008333333333333333 0.013888888888888888
1 0.5296875 0.17083333333333334 0.014583333333333334 0.01574074074074074
1 0.33880208333333334 0.20185185185185187 0.0140625 0.018518518518518517
1 0.6080729166666666 0.1439814814814815 0.008854166666666666 0.013888888888888888
1 0.5731770833333333 0.14814814814814814 0.0140625 0.012962962962962963
1 0.15978124999999999 0.28277777777777774 0.03498437499999998 0.039629629629629584
1 0.51734375 0.15483333333333332 0.018442708333333377 0.017083333333333322
1 0.6029166666666667 0.12838888888888889 0.009791666666666761 0.010481481481481475