3 0.4231770833333333 0.4375 0.0734375 0.18796296296296297
3 0.4583333333333333 0.31157407407407406 0.046875 0.09537037037037037
3 0.29453125 0.2111111111111111 0.018229166666666668 0.037037037037037035
1 0.1984375 0.44027777777777777 0.046875 0.06759259259259259
1 0.7765625 0.8416666666666667 0.13229166666666667 0.20925925925925926
1 0.9536458333333333 0.5842592592592593 0.07604166666666666 0.10925925925925926
1 0.02734375 0.7069444444444445 0.0546875 0.15462962962962962
1 0.7044270833333334 0.9513888888888888 0.13802083333333334 0.09351851851851851
1 0.7778645833333333 0.4324074074074074 0.06197916666666667 0.07962962962962963
1 0.6348958333333333 0.3282407407407407 0.046875 0.0712962962962963
1 0.5924479166666666 0.2537037037037037 0.027604166666666666 0.04259259259259259
1 0.5619791666666667 0.4097222222222222 0.051041666666666666 0.0824074074074074
1 0.5161458333333333 0.26990740740740743 0.030208333333333334 0.04351851851851852
1 0.5471354166666667 0.24537037037037038 0.027604166666666666 0.03148148148148148
1 0.39114583333333336 0.2388888888888889 0.017708333333333333 0.027777777777777776
1 0.46979166666666666 0.2518518518518518 0.022916666666666665 0.02962962962962963
1 0.3234375 0.17546296296296296 0.011458333333333333 0.017592592592592594
1 0.4356770833333333 0.19444444444444445 0.015104166666666667 0.022222222222222223
1 0.38515625 0.19398148148148148 0.013020833333333334 0.021296296296296296
1 0.40729166666666666 0.18333333333333332 0.0125 0.022222222222222223
2 0.45271875 0.1932685185185185 0.0033541666666666668 0.01801851851851852
2 0.45984895833333334 0.20235185185185184 0.00615625 0.015814814814814813
2 0.45010937500000003 0.17575 0.005427083333333333 0.01262037037037037
1 0.47708333333333336 0.16435185185185186 0.010416666666666666 0.01574074074074074
1 0.4205729166666667 0.17083333333333334 0.0109375 0.01574074074074074
1 0.47044270833333335 0.14702777777777776 0.009635416666666667 0.01626851851851852
1 0.49296875 0.1375 0.008854166666666666 0.012037037037037037
1 0.38229166666666664 0.1712962962962963 0.011458333333333333 0.016666666666666666
1 0.48489583333333336 0.15648148148148147 0.008333333333333333 0.012962962962962963
1 0.43880729166666665 0.1390185185185185 0.007828125 0.009518518518518518
1 0.4596354166666667 0.13518518518518519 0.0078125 0.014814814814814815
1 0.3963541666666667 0.1537037037037037 0.010416666666666666 0.016666666666666666
1 0.44817708333333334 0.15 0.009895833333333333 0.012962962962962963
2 0.4552083333333333 0.25601851851851853 0.009375 0.019444444444444445
1 0.43385416666666665 0.16203703703703703 0.010416666666666666 0.018518518518518517
2 0.47434895833333335 0.21473148148148147 0.01015625 0.02946296296296296
1 0.37397916666666664 0.1360648148148148 0.007333333333333333 0.016564814814814817
1 0.3881614583333333 0.13870370370370372 0.00653125 0.01073148148148148
1 0.39353645833333334 0.12361111111111112 0.006864583333333333 0.01574074074074074
1 0.4002604166666667 0.13211111111111112 0.006765625 0.010518518518518517
1 0.43709375 0.1257037037037037 0.008567708333333333 0.010657407407407407
1 0.44993229166666665 0.12596296296296294 0.0050729166666666665 0.007481481481481481