1 0.6447916666666667 0.32222222222222224 0.04791666666666667 0.10925925925925926
1 0.096875 0.6652777777777777 0.07916666666666666 0.13055555555555556
1 0.4705729166666667 0.2587962962962963 0.0265625 0.03611111111111111
1 0.7927083333333333 0.49953703703703706 0.07916666666666666 0.10092592592592593
1 0.8190104166666666 0.4337962962962963 0.07239583333333334 0.09351851851851851
1 0.503125 0.24351851851851852 0.027083333333333334 0.03333333333333333
1 0.5177083333333333 0.19305555555555556 0.021875 0.026851851851851852
1 0.6458333333333334 0.29444444444444445 0.04583333333333333 0.053703703703703705
1 0.3216145833333333 0.20555555555555555 0.0140625 0.020370370370370372
1 0.49505208333333334 0.16296296296296298 0.015104166666666667 0.022222222222222223
1 0.5416666666666666 0.15 0.015625 0.024074074074074074
1 0.38776041666666666 0.13240740740740742 0.0078125 0.012962962962962963
1 0.46015625 0.15601851851851853 0.0265625 0.028703703703703703
1 0.8057291666666667 0.2601851851851852 0.014583333333333334 0.018518518518518517
1 0.6015625 0.17592592592592593 0.013541666666666667 0.022222222222222223
2 0.39296875 0.1550925925925926 0.005729166666666666 0.012037037037037037
1 0.4036458333333333 0.11851851851851852 0.007291666666666667 0.011111111111111112
2 0.43046875 0.16157407407407406 0.005729166666666666 0.013888888888888888
1 0.3106770833333333 0.1935185185185185 0.013020833333333334 0.020370370370370372
2 0.4119791666666667 0.14351851851851852 0.005208333333333333 0.011111111111111112
1 0.46979166666666666 0.16296296296296298 0.007291666666666667 0.014814814814814815
1 0.6473958333333333 0.19212962962962962 0.019791666666666666 0.01574074074074074