2 0.7635416666666667 0.47962962962962963 0.025 0.07222222222222222
3 0.8171875 0.46574074074074073 0.215625 0.2611111111111111
3 0.9825520833333333 0.600462962962963 0.033854166666666664 0.10462962962962963
1 0.5078125 0.33287037037037037 0.03854166666666667 0.04722222222222222
1 0.43072916666666666 0.25046296296296294 0.025 0.041666666666666664
1 0.540625 0.30416666666666664 0.0375 0.04537037037037037
1 0.3888020833333333 0.2152777777777778 0.015104166666666667 0.026851851851851852
1 0.46979166666666666 0.2037037037037037 0.019791666666666666 0.025925925925925925
1 0.49895833333333334 0.17962962962962964 0.015625 0.024074074074074074
1 0.7760416666666666 0.2490740740740741 0.029166666666666667 0.027777777777777776
1 0.5169270833333334 0.17916666666666667 0.015104166666666667 0.019444444444444445
1 0.7028645833333333 0.2212962962962963 0.0265625 0.027777777777777776
1 0.434375 0.19490740740740742 0.015625 0.025
1 0.9791666666666666 0.35138888888888886 0.040625 0.04722222222222222
1 0.3875 0.1337962962962963 0.00625 0.010185185185185186
1 0.4440104166666667 0.1726851851851852 0.011979166666666667 0.017592592592592594
1 0.4734375 0.15833333333333333 0.0125 0.020370370370370372
1 0.4666666666666667 0.13472222222222222 0.011458333333333333 0.017592592592592594
1 0.40989583333333335 0.15416666666666667 0.009375 0.012037037037037037
1 0.42213541666666665 0.17314814814814813 0.011979166666666667 0.014814814814814815
1 0.44635416666666666 0.12129629629629629 0.00625 0.012962962962962963
1 0.4440104166666667 0.14675925925925926 0.008854166666666666 0.013888888888888888
1 0.696875 0.2175925925925926 0.014583333333333334 0.018518518518518517
1 0.40911458333333334 0.12731481481481483 0.0078125 0.012037037037037037
1 0.42682291666666666 0.12314814814814815 0.008854166666666666 0.012962962962962963
1 0.45651041666666664 0.14351851851851852 0.008854166666666666 0.012962962962962963
1 0.5955729166666667 0.17314814814814813 0.019270833333333334 0.018518518518518517
1 0.4783854166666667 0.13703703703703704 0.0078125 0.014814814814814815
1 0.36276041666666664 0.12824074074074074 0.005729166666666666 0.010185185185185186
1 0.43020833333333336 0.15787037037037038 0.009375 0.012037037037037037
1 0.4869791666666667 0.14212962962962963 0.008333333333333333 0.010185185185185186
1 0.42239583333333336 0.15092592592592594 0.010416666666666666 0.014814814814814815
3 0.5588385416666667 0.1986111111111111 0.04371875 0.05462962962962963