3 0.26875 0.2851851851851852 0.040625 0.07407407407407407
1 0.09765625 0.6712962962962963 0.0765625 0.13148148148148148
1 0.8752604166666667 0.5370370370370371 0.08802083333333334 0.1111111111111111
1 0.7471354166666667 0.45416666666666666 0.08177083333333333 0.10277777777777777
1 0.63046875 0.29074074074074074 0.04114583333333333 0.044444444444444446
1 0.5572916666666666 0.32222222222222224 0.042708333333333334 0.05
1 0.5791666666666667 0.2722222222222222 0.03854166666666667 0.044444444444444446
1 0.20546875 0.36203703703703705 0.04114583333333333 0.04814814814814815
1 0.50859375 0.18472222222222223 0.019270833333333334 0.023148148148148147
1 0.31979166666666664 0.18287037037037038 0.013541666666666667 0.017592592592592594
1 0.22135416666666666 0.31712962962962965 0.03125 0.04537037037037037
1 0.7067708333333333 0.22407407407407406 0.027083333333333334 0.024074074074074074
1 0.5908854166666667 0.1736111111111111 0.015104166666666667 0.019444444444444445
1 0.41953125 0.1675925925925926 0.0140625 0.018518518518518517
1 0.4088541666666667 0.1486111111111111 0.008333333333333333 0.013888888888888888
1 0.4703125 0.17083333333333334 0.014583333333333334 0.01574074074074074
1 0.6611979166666667 0.20185185185185187 0.0140625 0.018518518518518517
1 0.3919270833333333 0.1439814814814815 0.008854166666666666 0.013888888888888888
1 0.42682291666666666 0.14814814814814814 0.0140625 0.012962962962962963
1 0.84021875 0.28277777777777774 0.034984375 0.039629629629629626
1 0.48265625 0.15483333333333332 0.018442708333333332 0.017083333333333332
1 0.39708333333333334 0.12838888888888889 0.009791666666666667 0.010481481481481482