2 0.7247395833333333 0.4217592592592593 0.0171875 0.058333333333333334
3 0.13151041666666666 0.5787037037037037 0.19739583333333333 0.2796296296296296
3 0.9486979166666667 0.7175925925925926 0.09947916666666666 0.24444444444444444
3 0.8515625 0.28194444444444444 0.04895833333333333 0.10648148148148148
3 0.5010416666666667 0.23055555555555557 0.0625 0.10185185185185185
3 0.5533854166666666 0.24351851851851852 0.04739583333333333 0.08888888888888889
1 0.246875 0.8083333333333333 0.140625 0.15
3 0.025260416666666667 0.899537037037037 0.050520833333333334 0.19722222222222222
1 0.8 0.2861111111111111 0.028125 0.05
1 0.23802083333333332 0.6430555555555556 0.1125 0.1361111111111111
1 0.013541666666666667 0.7875 0.027083333333333334 0.12314814814814815
1 0.011979166666666667 0.6106481481481482 0.023958333333333335 0.05277777777777778
1 0.09609375 0.49675925925925923 0.06927083333333334 0.08796296296296297
1 0.19348958333333333 0.4060185185185185 0.0515625 0.06388888888888888
1 0.7846354166666667 0.19398148148148148 0.016145833333333335 0.028703703703703703
1 0.8065104166666667 0.15787037037037038 0.015104166666666667 0.028703703703703703
1 0.2520833333333333 0.36018518518518516 0.03854166666666667 0.044444444444444446
1 0.78046875 0.16203703703703703 0.015104166666666667 0.02962962962962963
1 0.52109375 0.1587962962962963 0.015104166666666667 0.026851851851851852
1 0.50703125 0.17037037037037037 0.019270833333333334 0.027777777777777776
1 0.7729166666666667 0.12175925925925926 0.009375 0.01574074074074074
1 0.7856770833333333 0.13518518518518519 0.011979166666666667 0.020370370370370372
2 0.8029218749999999 0.25187037037037036 0.008973958333333334 0.020407407407407405
2 0.7987135416666666 0.22587037037037036 0.007848958333333333 0.02211111111111111
1 0.81484375 0.1865740740740741 0.016145833333333335 0.025
1 0.8088541666666667 0.11805555555555555 0.010416666666666666 0.019444444444444445
1 0.815625 0.21435185185185185 0.01875 0.03981481481481482