1 0.9122395833333333 0.5958333333333333 0.07760416666666667 0.17314814814814813
1 0.83828125 0.3851851851851852 0.04635416666666667 0.08888888888888889
1 0.050520833333333334 0.7277777777777777 0.10104166666666667 0.19814814814814816
1 0.78828125 0.22962962962962963 0.0265625 0.03888888888888889
1 0.8067708333333333 0.17037037037037037 0.015625 0.02962962962962963
1 0.16015625 0.4375 0.06197916666666667 0.05462962962962963
1 0.98203125 0.9273148148148148 0.034895833333333334 0.14166666666666666
1 0.5393229166666667 0.37222222222222223 0.04010416666666667 0.053703703703703705
1 0.013020833333333334 0.6013888888888889 0.026041666666666668 0.05648148148148148
1 0.771875 0.12037037037037036 0.020833333333333332 0.025925925925925925
1 0.6794270833333333 0.16620370370370371 0.0171875 0.025
1 0.5114583333333333 0.1638888888888889 0.008333333333333333 0.018518518518518517
1 0.51953125 0.3837962962962963 0.04114583333333333 0.04537037037037037
1 0.7994791666666666 0.0912037037037037 0.016666666666666666 0.028703703703703703
1 0.67109375 0.1699074074074074 0.011979166666666667 0.030555555555555555
1 0.68046875 0.16574074074074074 0.030729166666666665 0.03148148148148148