2 0.7091145833333333 0.3592592592592593 0.011979166666666667 0.03888888888888889
2 0.74140625 0.40370370370370373 0.0140625 0.044444444444444446
2 0.7104166666666667 0.6162037037037037 0.026041666666666668 0.0787037037037037
2 0.74921875 0.22685185185185186 0.0078125 0.027777777777777776
2 0.7403645833333333 0.35138888888888886 0.0109375 0.030555555555555555
3 0.22786458333333334 0.6175925925925926 0.1703125 0.2518518518518518
3 0.07161458333333333 0.6856481481481481 0.14322916666666666 0.30462962962962964
1 0.23203125 0.8046296296296296 0.16197916666666667 0.17222222222222222
1 0.896875 0.6185185185185185 0.06875 0.14629629629629629
1 0.22760416666666666 0.38055555555555554 0.052083333333333336 0.05185185185185185
1 0.8286458333333333 0.38425925925925924 0.041666666666666664 0.07407407407407407
1 0.584375 0.30694444444444446 0.03229166666666667 0.05092592592592592
1 0.8588541666666667 0.3277777777777778 0.03229166666666667 0.05555555555555555
1 0.14453125 0.4462962962962963 0.05572916666666667 0.07962962962962963
1 0.028125 0.5875 0.05625 0.0824074074074074
1 0.7973958333333333 0.26481481481481484 0.027083333333333334 0.044444444444444446
1 0.9184895833333333 0.45740740740740743 0.059895833333333336 0.1111111111111111
1 0.8346354166666666 0.27037037037037037 0.030729166666666665 0.06296296296296296
1 0.78671875 0.22407407407407406 0.021354166666666667 0.040740740740740744
1 0.8286458333333333 0.23981481481481481 0.029166666666666667 0.040740740740740744
1 0.78125 0.18935185185185185 0.015625 0.026851851851851852
1 0.8106770833333333 0.2162037037037037 0.009895833333333333 0.028703703703703703
1 0.31536458333333334 0.3199074074074074 0.06197916666666667 0.03611111111111111
1 0.8091145833333333 0.1763888888888889 0.0140625 0.025
1 0.7567708333333333 0.14907407407407408 0.0125 0.020370370370370372
1 0.8080729166666667 0.19814814814814816 0.0140625 0.027777777777777776
1 0.5309895833333333 0.4 0.0328125 0.06481481481481481
1 0.29296875 0.3199074074074074 0.016145833333333335 0.030555555555555555
1 0.7815104166666667 0.16018518518518518 0.0140625 0.022222222222222223
2 0.9901041666666667 0.6597222222222222 0.01875 0.11574074074074074
3 0.5285364583333333 0.2601111111111111 0.07165625 0.05541666666666667
1 0.8075052083333334 0.1529259259259259 0.010843750000000001 0.013268518518518518