2 0.8046875 0.24166666666666667 0.007291666666666667 0.024074074074074074
1 0.8458333333333333 0.337037037037037 0.029166666666666667 0.05925925925925926
1 0.5520833333333334 0.45601851851851855 0.06666666666666667 0.08611111111111111
1 0.6760416666666667 0.30648148148148147 0.03125 0.037037037037037035
1 0.8625 0.1476851851851852 0.009375 0.01574074074074074
1 0.871875 0.14583333333333334 0.011458333333333333 0.019444444444444445
1 0.58984375 0.287962962962963 0.019270833333333334 0.020370370370370372
1 0.8458333333333333 0.16064814814814815 0.010416666666666666 0.01574074074074074
1 0.8411458333333334 0.17962962962962964 0.011458333333333333 0.018518518518518517
1 0.4265625 0.5189814814814815 0.06770833333333333 0.06759259259259259
1 0.8682291666666667 0.1449074074074074 0.019791666666666666 0.025