3 0.465625 0.4597222222222222 0.057291666666666664 0.0824074074074074
1 0.8502604166666666 0.38657407407407407 0.033854166666666664 0.0787037037037037
1 0.8072916666666666 0.3194444444444444 0.030208333333333334 0.07037037037037037
1 0.7432291666666667 0.3851851851851852 0.0375 0.06111111111111111
1 0.8528645833333334 0.28379629629629627 0.0234375 0.05277777777777778
1 0.7919270833333333 0.2550925925925926 0.019270833333333334 0.032407407407407406
1 0.5994791666666667 0.27175925925925926 0.020833333333333332 0.025
1 0.83359375 0.2175925925925926 0.016145833333333335 0.02962962962962963
1 0.81328125 0.19953703703703704 0.0140625 0.023148148148148147
1 0.8380208333333333 0.19074074074074074 0.013541666666666667 0.020370370370370372
1 0.8463541666666666 0.16203703703703703 0.010416666666666666 0.022222222222222223
1 0.821875 0.18009259259259258 0.011458333333333333 0.01574074074074074
1 0.8515625 0.13518518518518519 0.013541666666666667 0.014814814814814815
1 0.8372395833333334 0.1486111111111111 0.008854166666666666 0.013888888888888888
1 0.7442708333333333 0.2050925925925926 0.016666666666666666 0.028703703703703703