2 0.3919270833333333 0.9027777777777778 0.04739583333333333 0.1388888888888889
2 0.03229166666666667 0.6134259259259259 0.029166666666666667 0.04537037037037037
3 0.6994791666666667 0.5893518518518519 0.11041666666666666 0.2712962962962963
3 0.6192708333333333 0.4791666666666667 0.084375 0.16203703703703703
3 0.01796875 0.6828703703703703 0.0359375 0.14537037037037037
1 0.2794270833333333 0.9388888888888889 0.13385416666666666 0.11851851851851852
1 0.4078125 0.700925925925926 0.1 0.14629629629629629
3 0.15494791666666666 0.6199074074074075 0.10364583333333334 0.13425925925925927
1 0.55078125 0.4638888888888889 0.05677083333333333 0.08333333333333333
1 0.48932291666666666 0.5680555555555555 0.0828125 0.1175925925925926
1 0.52421875 0.6861111111111111 0.10885416666666667 0.2111111111111111
1 0.7416666666666667 0.3194444444444444 0.046875 0.09074074074074075
1 0.4640625 0.3013888888888889 0.035416666666666666 0.03796296296296296
1 0.36484375 0.3523148148148148 0.0390625 0.04351851851851852
1 0.4518229166666667 0.2657407407407407 0.024479166666666666 0.03333333333333333
1 0.21979166666666666 0.6425925925925926 0.10416666666666667 0.12037037037037036
1 0.59765625 0.37037037037037035 0.0515625 0.08333333333333333
1 0.5606770833333333 0.2652777777777778 0.028645833333333332 0.03425925925925926
1 0.5270833333333333 0.2671296296296296 0.028125 0.032407407407407406
1 0.6796875 0.3287037037037037 0.0375 0.07592592592592592
1 0.6111979166666667 0.16064814814814815 0.013020833333333334 0.021296296296296296
1 0.6591145833333333 0.3907407407407407 0.04635416666666667 0.09444444444444444
1 0.6221354166666667 0.33194444444444443 0.030729166666666665 0.049074074074074076
1 0.5997395833333333 0.19444444444444445 0.0171875 0.022222222222222223
1 0.5596354166666667 0.20787037037037037 0.021354166666666667 0.03425925925925926
1 0.6614583333333334 0.1388888888888889 0.010416666666666666 0.016666666666666666
1 0.6380208333333334 0.29583333333333334 0.03229166666666667 0.05462962962962963
3 0.6997395833333333 0.2740740740740741 0.0296875 0.053703703703703705
1 0.6591145833333333 0.24675925925925926 0.022395833333333334 0.04351851851851852
1 0.53515625 0.17685185185185184 0.015104166666666667 0.024074074074074074
1 0.74921875 0.25 0.021354166666666667 0.03888888888888889
1 0.6893229166666667 0.1912037037037037 0.019270833333333334 0.03611111111111111
2 0.07864583333333333 0.5819444444444445 0.025 0.03981481481481482
1 0.54140625 0.20462962962962963 0.013020833333333334 0.020370370370370372
1 0.6502604166666667 0.2726851851851852 0.027604166666666666 0.03981481481481482
2 0.5817708333333333 0.4777777777777778 0.015625 0.07777777777777778
1 0.7518229166666667 0.2726851851851852 0.025520833333333333 0.04722222222222222
1 0.6723958333333333 0.22962962962962963 0.020833333333333332 0.037037037037037035
2 0.7336406249999999 0.2228240740740741 0.006864583333333333 0.03083333333333333
1 0.7497395833333333 0.21481481481481482 0.0265625 0.040740740740740744
1 0.6731770833333334 0.11712962962962963 0.0067708333333333336 0.013888888888888888
1 0.696875 0.16620370370370371 0.017708333333333333 0.03425925925925926
1 0.70859375 0.5032407407407408 0.09114583333333333 0.09722222222222222
1 0.75078125 0.15324074074074073 0.019270833333333334 0.019444444444444445
2 0.6217395833333333 0.3833703703703704 0.008057291666666667 0.026
2 0.6488437499999999 0.337037037037037 0.0070572916666666674 0.03518518518518519
2 0.663375 0.2971111111111111 0.006953125 0.034972222222222224
2 0.680546875 0.2585185185185185 0.009010416666666667 0.03371296296296296
3 0.7187291666666666 0.18464814814814814 0.020791666666666667 0.048916666666666664
1 0.7046666666666667 0.14384259259259258 0.013505208333333333 0.009907407407407406
1 0.7086718750000001 0.12942592592592592 0.010057291666666666 0.008842592592592593