2 0.3768229166666667 0.3699074074074074 0.0140625 0.03981481481481482
2 0.8026041666666667 0.5824074074074074 0.03333333333333333 0.06481481481481481
3 0.5596354166666667 0.30787037037037035 0.0390625 0.05648148148148148
3 0.5544270833333333 0.26435185185185184 0.025520833333333333 0.03981481481481482
1 0.6028645833333334 0.7407407407407407 0.10885416666666667 0.1648148148148148
1 0.32473958333333336 0.6726851851851852 0.0734375 0.1638888888888889
1 0.7046875 0.5550925925925926 0.078125 0.0824074074074074
1 0.415625 0.49583333333333335 0.06041666666666667 0.10833333333333334
1 0.534375 0.375 0.036458333333333336 0.05925925925925926
1 0.29635416666666664 0.25046296296296294 0.026041666666666668 0.05277777777777778
1 0.3229166666666667 0.21898148148148147 0.019791666666666666 0.030555555555555555
1 0.2643229166666667 0.3527777777777778 0.03697916666666667 0.07962962962962963
1 0.31666666666666665 0.3087962962962963 0.05 0.09166666666666666
1 0.6317708333333333 0.3337962962962963 0.036458333333333336 0.05277777777777778
1 0.27786458333333336 0.18194444444444444 0.015104166666666667 0.023148148148148147
1 0.26875 0.21388888888888888 0.01875 0.03148148148148148
1 0.24791666666666667 0.1763888888888889 0.021875 0.03981481481481482
2 0.36767187500000004 0.17952777777777776 0.006322916666666719 0.022027777777777795
1 0.3651041666666667 0.14166666666666666 0.011458333333333333 0.016666666666666666
1 0.27369791666666665 0.1310185185185185 0.0140625 0.030555555555555555
1 0.3424479166666667 0.1486111111111111 0.009895833333333333 0.017592592592592594
1 0.25338541666666664 0.14074074074074075 0.011979166666666667 0.027777777777777776
1 0.334375 0.09351851851851851 0.007291666666666667 0.014814814814814815
1 0.3455729166666667 0.08703703703703704 0.009895833333333333 0.022222222222222223
1 0.26067708333333334 0.11898148148148148 0.009895833333333333 0.019444444444444445
1 0.29140625 0.11435185185185186 0.009895833333333333 0.01574074074074074
1 0.46328125 0.1763888888888889 0.0109375 0.017592592592592594
1 0.3296875 0.11898148148148148 0.00625 0.017592592592592594
2 0.39885937499999996 0.2114537037037037 0.007484374999999943 0.01734259259259261