2 0.6080729166666666 0.9027777777777778 0.04739583333333333 0.1388888888888889
2 0.9677083333333333 0.6134259259259259 0.029166666666666667 0.04537037037037037
3 0.30052083333333335 0.5893518518518519 0.11041666666666666 0.2712962962962963
3 0.3807291666666667 0.4791666666666667 0.084375 0.16203703703703703
3 0.98203125 0.6828703703703703 0.0359375 0.14537037037037037
1 0.7205729166666667 0.9388888888888889 0.13385416666666666 0.11851851851851852
1 0.5921875 0.700925925925926 0.1 0.14629629629629629
3 0.8450520833333334 0.6199074074074075 0.10364583333333334 0.13425925925925927
1 0.44921875 0.4638888888888889 0.05677083333333333 0.08333333333333333
1 0.5106770833333333 0.5680555555555555 0.0828125 0.1175925925925926
1 0.47578125 0.6861111111111111 0.10885416666666667 0.2111111111111111
1 0.25833333333333336 0.3194444444444444 0.046875 0.09074074074074075
1 0.5359375 0.3013888888888889 0.035416666666666666 0.03796296296296296
1 0.63515625 0.3523148148148148 0.0390625 0.04351851851851852
1 0.5481770833333334 0.2657407407407407 0.024479166666666666 0.03333333333333333
1 0.7802083333333333 0.6425925925925926 0.10416666666666667 0.12037037037037036
1 0.40234375 0.37037037037037035 0.0515625 0.08333333333333333
1 0.4393229166666667 0.2652777777777778 0.028645833333333332 0.03425925925925926
1 0.47291666666666665 0.2671296296296296 0.028125 0.032407407407407406
1 0.3203125 0.3287037037037037 0.0375 0.07592592592592592
1 0.3888020833333333 0.16064814814814815 0.013020833333333334 0.021296296296296296
1 0.34088541666666666 0.3907407407407407 0.04635416666666667 0.09444444444444444
1 0.37786458333333334 0.33194444444444443 0.030729166666666665 0.049074074074074076
1 0.4002604166666667 0.19444444444444445 0.0171875 0.022222222222222223
1 0.44036458333333334 0.20787037037037037 0.021354166666666667 0.03425925925925926
1 0.3385416666666667 0.1388888888888889 0.010416666666666666 0.016666666666666666
1 0.3619791666666667 0.29583333333333334 0.03229166666666667 0.05462962962962963
3 0.30026041666666664 0.2740740740740741 0.0296875 0.053703703703703705
1 0.34088541666666666 0.24675925925925926 0.022395833333333334 0.04351851851851852
1 0.46484375 0.17685185185185184 0.015104166666666667 0.024074074074074074
1 0.25078125 0.25 0.021354166666666667 0.03888888888888889
1 0.3106770833333333 0.1912037037037037 0.019270833333333334 0.03611111111111111
2 0.9213541666666667 0.5819444444444445 0.025 0.03981481481481482
1 0.45859375 0.20462962962962963 0.013020833333333334 0.020370370370370372
1 0.3497395833333333 0.2726851851851852 0.027604166666666666 0.03981481481481482
2 0.41822916666666665 0.4777777777777778 0.015625 0.07777777777777778
1 0.24817708333333333 0.2726851851851852 0.025520833333333333 0.04722222222222222
1 0.32760416666666664 0.22962962962962963 0.020833333333333332 0.037037037037037035
2 0.26635937500000006 0.2228240740740741 0.006864583333333337 0.030833333333333345
1 0.25026041666666665 0.21481481481481482 0.0265625 0.040740740740740744
1 0.3268229166666667 0.11712962962962963 0.0067708333333333336 0.013888888888888888
1 0.303125 0.16620370370370371 0.017708333333333333 0.03425925925925926
1 0.29140625 0.5032407407407408 0.09114583333333333 0.09722222222222222
1 0.24921875 0.15324074074074073 0.019270833333333334 0.019444444444444445
2 0.37826041666666665 0.3833703703703704 0.008057291666666681 0.026000000000000037
2 0.35115625 0.337037037037037 0.007057291666666643 0.03518518518518519
2 0.33662499999999995 0.2971111111111111 0.006953124999999952 0.0349722222222222
2 0.31945312499999995 0.2585185185185185 0.009010416666666642 0.03371296296296293
3 0.2812708333333333 0.18464814814814814 0.020791666666666705 0.04891666666666665
1 0.29533333333333334 0.14384259259259258 0.013505208333333367 0.009907407407407396
1 0.29132812499999994 0.12942592592592592 0.010057291666666638 0.008842592592592603