1 0.5802083333333333 0.24212962962962964 0.025 0.030555555555555555
1 0.6393229166666666 0.1763888888888889 0.016145833333333335 0.023148148148148147
2 0.6924479166666667 0.513425925925926 0.018229166666666668 0.07314814814814814
1 0.7291666666666666 0.15185185185185185 0.014583333333333334 0.024074074074074074
1 0.7270833333333333 0.125 0.0125 0.016666666666666666
1 0.7041666666666667 0.15601851851851853 0.008333333333333333 0.017592592592592594
1 0.7096354166666666 0.10833333333333334 0.015104166666666667 0.022222222222222223
1 0.7080729166666667 0.13240740740740742 0.0140625 0.018518518518518517
1 0.7171875 0.09490740740740741 0.009375 0.01574074074074074
1 0.6666666666666666 0.0962962962962963 0.00625 0.011111111111111112
1 0.65546875 0.08472222222222223 0.0078125 0.01574074074074074
1 0.67890625 0.09305555555555556 0.009895833333333333 0.012037037037037037
2 0.6431666666666668 0.14562962962962964 0.0050885416666666666 0.015333333333333332