3 0.13671875 0.5925925925925926 0.15885416666666666 0.2037037037037037
3 0.5734375 0.8004629629629629 0.28125 0.39537037037037037
3 0.74375 0.25462962962962965 0.03958333333333333 0.11666666666666667
2 0.65625 0.5078703703703704 0.023958333333333335 0.09351851851851851
1 0.6890625 0.27824074074074073 0.028125 0.049074074074074076
1 0.5361979166666667 0.7453703703703703 0.08072916666666667 0.17407407407407408
1 0.6739583333333333 0.2324074074074074 0.021875 0.03148148148148148
1 0.69140625 0.19027777777777777 0.016145833333333335 0.026851851851851852
1 0.5169270833333334 0.19814814814814816 0.0140625 0.020370370370370372
1 0.72265625 0.17546296296296296 0.013020833333333334 0.021296296296296296
1 0.65078125 0.1597222222222222 0.0109375 0.017592592592592594
1 0.7247395833333333 0.13472222222222222 0.009895833333333333 0.01574074074074074
2 0.69375 0.2152777777777778 0.009375 0.026851851851851852
1 0.7075520833333333 0.12129629629629629 0.009895833333333333 0.024074074074074074
1 0.7231770833333333 0.11342592592592593 0.0067708333333333336 0.013888888888888888
3 0.748578125 0.1631388888888889 0.016947916666666667 0.0410925925925926
1 0.74296875 0.13148148148148148 0.009895833333333333 0.018518518518518517
1 0.7078125 0.14305555555555555 0.011458333333333333 0.017592592592592594
1 0.63984375 0.12962962962962962 0.008854166666666666 0.012962962962962963
1 0.7377604166666667 0.1125 0.011979166666666667 0.023148148148148147
1 0.66640625 0.13425925925925927 0.008854166666666666 0.018518518518518517
1 0.725 0.09027777777777778 0.008333333333333333 0.017592592592592594
1 0.5408854166666667 0.17731481481481481 0.0140625 0.023148148148148147
1 0.65 0.1337962962962963 0.009375 0.012037037037037037
1 0.6567708333333333 0.12129629629629629 0.008333333333333333 0.012962962962962963
1 0.6640625 0.09907407407407408 0.010416666666666666 0.018518518518518517
1 0.6979166666666666 0.0824074074074074 0.008333333333333333 0.011111111111111112
1 0.7049479166666667 0.09675925925925925 0.0067708333333333336 0.012037037037037037
1 0.6513020833333333 0.1037037037037037 0.0067708333333333336 0.012962962962962963
2 0.6054166666666667 0.20839814814814814 0.009796875 0.026046296296296297