0 0.946875 0.7156481481481481 0.07783854166666666 0.11799074074074074
0 0.5926197916666667 0.531074074074074 0.048859375000000003 0.07890740740740741
0 0.46869791666666666 0.4423425925925926 0.029244791666666665 0.03975
0 0.40731249999999997 0.3895462962962963 0.020703125 0.03033333333333333
0 0.3705104166666667 0.34881481481481486 0.016578125 0.021324074074074075
0 0.33095833333333335 0.3385740740740741 0.016968749999999998 0.022212962962962962
0 0.3009114583333333 0.3387222222222222 0.014317708333333333 0.021324074074074075
0 0.2760416666666667 0.31700925925925927 0.014015625 0.018287037037037036
0 0.309359375 0.3220648148148148 0.014515625 0.020074074074074074
0 0.40878125 0.328037037037037 0.014958333333333332 0.02014814814814815
0 0.3834947916666666 0.318212962962963 0.015151041666666667 0.016703703703703703
0 0.36401041666666667 0.3078333333333333 0.012927083333333334 0.022490740740740738
0 0.34077604166666664 0.2980555555555555 0.011885416666666667 0.017194444444444446
0 0.4556510416666667 0.34688888888888886 0.019666666666666666 0.024731481481481483
0 0.495984375 0.3627592592592592 0.021026041666666665 0.026657407407407407
0 0.5379114583333333 0.3792962962962963 0.022041666666666668 0.031231481481481478
0 0.248671875 0.27762037037037035 0.009994791666666667 0.01685185185185185
0 0.278890625 0.28628703703703706 0.004807291666666667 0.01614814814814815
0 0.29702083333333335 0.2673055555555556 0.013171875 0.02638888888888889
0 0.2721145833333333 0.2564722222222222 0.013005208333333332 0.022490740740740738
0 0.23917708333333335 0.26572222222222225 0.008203125 0.011787037037037037
0 0.22565104166666666 0.2640185185185185 0.008286458333333333 0.013462962962962963
0 0.24304166666666666 0.2547314814814815 0.008078125 0.012037037037037037
0 0.28706770833333334 0.23887962962962964 0.007557291666666666 0.013972222222222223
0 0.25875 0.22548148148148148 0.005916666666666666 0.00876851851851852
0 0.267015625 0.23017592592592592 0.007802083333333334 0.011805555555555555
0 0.5878125 0.39928703703703705 0.024609375 0.03209259259259259
0 0.6559375000000001 0.4290185185185185 0.024640625000000003 0.03253703703703704
0 0.7671614583333334 0.46055555555555555 0.03825 0.04766666666666666
0 0.367734375 0.33073148148148146 0.01428125 0.019092592592592595