0 0.8829375 0.9215092592592593 0.08222395833333333 0.12760185185185186
0 0.875125 0.7887314814814815 0.06916666666666667 0.12032407407407407
0 0.5579583333333333 0.525638888888889 0.03895833333333333 0.05801851851851852
0 0.5952135416666666 0.40228703703703705 0.026598958333333332 0.037037037037037035
0 0.45733333333333337 0.476925925925926 0.035958333333333335 0.05299074074074074
0 0.480953125 0.3583055555555556 0.022307291666666666 0.029592592592592594
0 0.35002083333333334 0.3848796296296296 0.023807291666666668 0.029916666666666668
0 0.35978125 0.35562037037037036 0.021463541666666665 0.035416666666666666
0 0.36396875 0.31071296296296297 0.015046875 0.02047222222222222
0 0.39493229166666666 0.32528703703703704 0.007854166666666667 0.018194444444444444
0 0.30393749999999997 0.3363240740740741 0.020052083333333335 0.024833333333333332
0 0.2915885416666667 0.29379629629629633 0.01528125 0.022074074074074072
0 0.27768229166666664 0.2843425925925926 0.012864583333333334 0.014601851851851852
0 0.254171875 0.2979444444444444 0.013427083333333334 0.01721296296296296
0 0.24544270833333334 0.24394444444444444 0.008510416666666666 0.011537037037037038
0 0.25852083333333337 0.2814259259259259 0.013276041666666665 0.01998148148148148
0 0.3268125 0.2878611111111111 0.006255208333333333 0.01647222222222222
0 0.2840260416666667 0.2697777777777778 0.010171875 0.01338888888888889
0 0.23974479166666668 0.26595370370370375 0.009395833333333332 0.01301851851851852
0 0.23225520833333332 0.27493518518518517 0.011093750000000001 0.01575
0 0.24778125 0.27275 0.008796875000000001 0.013777777777777778