0 0.29525000000000007 0.6555185185185185 0.059385416666666656 0.07965740740740739
0 0.284109375 0.5479166666666667 0.04191666666666668 0.057370370370370405
0 0.14190625 0.4981574074074074 0.03650520833333335 0.05045370370370371
0 0.490734375 0.47848148148148145 0.034968750000000055 0.049416666666666616
0 0.55259375 0.4812222222222223 0.03732812500000004 0.044351851851851885
0 0.569765625 0.36725 0.032619791666666724 0.057787037037037005
0 0.5393072916666667 0.34429629629629627 0.020802083333333363 0.0319907407407407
0 0.6282708333333333 0.3684259259259259 0.020140625000000037 0.02662037037037037
0 0.6601458333333333 0.34397222222222223 0.017213541666666762 0.029703703703703743
0 0.645734375 0.3224722222222222 0.025437500000000075 0.047009259259259244
0 0.6828802083333334 0.32834259259259263 0.016984375000000065 0.0294259259259259
0 0.7043020833333333 0.31054629629629626 0.013583333333333296 0.022277777777777726
0 0.714640625 0.29568518518518516 0.009994791666666695 0.016222222222222204
0 0.7567708333333333 0.2851944444444444 0.012171874999999943 0.013111111111111082
0 0.7415572916666666 0.2668888888888889 0.011020833333333258 0.017027777777777767
0 0.7261666666666666 0.2680092592592592 0.01036458333333338 0.014527777777777829
0 0.6873177083333334 0.2841018518518518 0.012343749999999905 0.016805555555555535
0 0.7540520833333333 0.21610185185185185 0.008614583333333314 0.01698148148148146