0 0.9153958333333333 0.9351296296296296 0.06690104166666666 0.11871296296296296
0 0.8804635416666666 0.7012685185185186 0.051723958333333334 0.09542592592592593
0 0.9232083333333333 0.5465092592592593 0.040859375 0.049805555555555554
0 0.6088125000000001 0.3998611111111111 0.024046875000000002 0.043555555555555556
0 0.7246770833333334 0.44849074074074075 0.03702604166666667 0.048212962962962964
0 0.7300989583333333 0.4145277777777778 0.029645833333333333 0.026583333333333334
0 0.4428229166666667 0.46894444444444444 0.028010416666666666 0.03818518518518519
0 0.444125 0.4191574074074074 0.03582291666666667 0.04511111111111111
0 0.4983697916666667 0.42880555555555555 0.034932291666666664 0.05051851851851852
0 0.371875 0.39793518518518517 0.034541666666666665 0.04432407407407407
0 0.3451458333333333 0.32466666666666666 0.022083333333333333 0.03136111111111111
0 0.3032916666666667 0.3186574074074074 0.021708333333333333 0.025518518518518517
0 0.2669375 0.3027037037037037 0.014973958333333334 0.01625
0 0.2768697916666667 0.28607407407407404 0.012848958333333334 0.017953703703703704
0 0.28179166666666666 0.2680648148148148 0.012265625 0.016916666666666667
0 0.23897395833333332 0.26549074074074075 0.012281249999999999 0.013833333333333333
0 0.2860260416666666 0.2461111111111111 0.011479166666666667 0.014166666666666668
0 0.27319791666666665 0.23358333333333334 0.012447916666666666 0.01999074074074074