0 0.08460416666666669 0.9351296296296296 0.06690104166666666 0.11871296296296299
0 0.11953645833333333 0.7012685185185186 0.05172395833333332 0.09542592592592587
0 0.07679166666666669 0.5465092592592593 0.040859374999999996 0.04980555555555552
0 0.39118749999999997 0.3998611111111111 0.024046875000000037 0.04355555555555552
0 0.2753229166666666 0.44849074074074075 0.037026041666666655 0.048212962962963006
0 0.2699010416666667 0.4145277777777778 0.02964583333333334 0.02658333333333337
0 0.5571770833333333 0.4689444444444444 0.02801041666666677 0.03818518518518514
0 0.555875 0.4191574074074074 0.035822916666666774 0.045111111111111137
0 0.5016302083333334 0.42880555555555555 0.034932291666666636 0.05051851851851847
0 0.628125 0.39793518518518517 0.034541666666666755 0.04432407407407408
0 0.6548541666666667 0.32466666666666666 0.022083333333333382 0.03136111111111112
0 0.6967083333333333 0.3186574074074074 0.02170833333333325 0.025518518518518468
0 0.7330625000000001 0.3027037037037037 0.014973958333333334 0.01624999999999996
0 0.7231302083333333 0.28607407407407404 0.012848958333333372 0.01795370370370369
0 0.7182083333333333 0.2680648148148148 0.012265625000000094 0.01691666666666665
0 0.7610260416666667 0.26549074074074075 0.012281249999999962 0.013833333333333383
0 0.7139739583333333 0.2461111111111111 0.011479166666666648 0.014166666666666624
0 0.7268020833333334 0.23358333333333334 0.012447916666666715 0.01999074074074072