0 0.8698750000000001 0.9072407407407408 0.08149479166666666 0.12516666666666668
0 0.6149166666666667 0.646537037037037 0.05499479166666667 0.07719444444444445
0 0.5500468749999999 0.5061481481481481 0.046114583333333334 0.06451851851851853
0 0.647828125 0.41983333333333334 0.032052083333333335 0.05159259259259259
0 0.5526875 0.46837962962962965 0.036421875000000006 0.04412037037037037
0 0.42882291666666666 0.45469444444444446 0.03422395833333333 0.05038888888888889
0 0.5060416666666667 0.4163148148148148 0.025744791666666666 0.037148148148148145
0 0.497015625 0.3615462962962963 0.021979166666666668 0.029638888888888888
0 0.8452291666666666 0.5063703703703704 0.03433854166666667 0.04974074074074074
0 0.42063541666666665 0.3325 0.01740625 0.0227037037037037
0 0.3857552083333333 0.38063888888888886 0.023442708333333333 0.03100925925925926
0 0.37330729166666665 0.33149999999999996 0.017526041666666665 0.023703703703703706
0 0.33200520833333336 0.36294444444444446 0.023411458333333336 0.03961111111111111
0 0.37195833333333334 0.3120925925925926 0.014010416666666666 0.016231481481481482
0 0.30690104166666665 0.3211203703703704 0.017265625 0.020370370370370372
0 0.2716041666666667 0.3115277777777778 0.014812500000000001 0.018712962962962962
0 0.27523958333333337 0.29762962962962963 0.013088541666666667 0.01512962962962963
0 0.30307291666666664 0.3028148148148148 0.012802083333333332 0.015722222222222224
0 0.29207812499999997 0.2937314814814815 0.012473958333333333 0.014037037037037037
0 0.26137499999999997 0.2846759259259259 0.011979166666666667 0.018564814814814815
0 0.24986458333333333 0.2741851851851852 0.010463541666666666 0.015675925925925926
0 0.2511302083333333 0.2474351851851852 0.007890625 0.016953703703703703
0 0.2588958333333333 0.2654444444444444 0.0054062500000000005 0.01473148148148148
0 0.26485416666666667 0.2554351851851852 0.009765625 0.016407407407407405
0 0.27235937499999996 0.27890740740740744 0.011411458333333334 0.017879629629629627
0 0.31400520833333334 0.28547222222222224 0.01215625 0.019657407407407408
0 0.35457812499999997 0.30024074074074075 0.0053437499999999995 0.01612037037037037