0 0.70475 0.6555185185185185 0.05938541666666666 0.07965740740740741
0 0.715890625 0.5479166666666667 0.04191666666666667 0.05737037037037037
0 0.85809375 0.4981574074074074 0.03650520833333334 0.05045370370370371
0 0.5092656249999999 0.47848148148148145 0.03496875 0.049416666666666664
0 0.44740625 0.4812222222222223 0.037328125000000004 0.04435185185185185
0 0.430234375 0.36725 0.03261979166666667 0.05778703703703703
0 0.4606927083333333 0.34429629629629627 0.020802083333333332 0.031990740740740736
0 0.37172916666666667 0.3684259259259259 0.020140625000000002 0.02662037037037037
0 0.3398541666666667 0.34397222222222223 0.017213541666666665 0.0297037037037037
0 0.35426562500000003 0.3224722222222222 0.025437500000000002 0.047009259259259265
0 0.31711979166666665 0.32834259259259263 0.016984375 0.02942592592592593
0 0.29569791666666667 0.31054629629629626 0.013583333333333333 0.02227777777777778
0 0.28535937499999997 0.29568518518518516 0.009994791666666667 0.01622222222222222
0 0.24322916666666666 0.2851944444444444 0.012171875 0.013111111111111112
0 0.2584427083333333 0.2668888888888889 0.011020833333333334 0.017027777777777777
0 0.2738333333333333 0.2680092592592592 0.010364583333333333 0.014527777777777777
0 0.31268229166666667 0.2841018518518518 0.012343749999999999 0.016805555555555553
0 0.24594791666666668 0.21610185185185185 0.008614583333333333 0.016981481481481483