0 0.9745104166666666 0.8726759259259259 0.050979166666666666 0.12546296296296297
0 0.9742604166666666 0.7794814814814816 0.05147395833333333 0.06916666666666667
0 0.6228229166666667 0.6462592592592593 0.06353125 0.08222222222222222
0 0.5995 0.5469259259259259 0.04754166666666667 0.07341666666666667
0 0.7084427083333333 0.4062037037037037 0.037989583333333334 0.1066388888888889
0 0.43059375 0.4174074074074074 0.028125 0.03939814814814815
0 0.5227395833333334 0.3732962962962963 0.0225625 0.033796296296296297
0 0.39509375 0.42950925925925926 0.028895833333333332 0.040574074074074075
0 0.4543802083333333 0.3469351851851852 0.020635416666666666 0.029055555555555553
0 0.421328125 0.33246296296296296 0.017635416666666667 0.02450925925925926
0 0.3920833333333333 0.32535185185185184 0.015598958333333333 0.018083333333333333
0 0.35154687500000004 0.3557592592592593 0.02140104166666667 0.02578703703703704
0 0.33803645833333335 0.3740555555555556 0.023697916666666666 0.030222222222222223
0 0.37253125 0.3121759259259259 0.014859375000000001 0.028277777777777777
0 0.3534114583333333 0.3044259259259259 0.012526041666666666 0.018611111111111113
0 0.307125 0.3207592592592593 0.015052083333333332 0.022546296296296297
0 0.32753125 0.3035833333333333 0.011734375 0.01887962962962963
0 0.33450520833333336 0.2963888888888889 0.010890625 0.016675925925925927
0 0.27990624999999997 0.29771296296296296 0.012411458333333332 0.019805555555555555
0 0.26461979166666666 0.2891388888888889 0.011156250000000001 0.014842592592592593
0 0.24934895833333334 0.2905185185185185 0.010755208333333332 0.014666666666666666
0 0.2656145833333333 0.27212037037037035 0.010958333333333332 0.012953703703703703
0 0.28363020833333336 0.2641296296296296 0.010802083333333332 0.014518518518518517
0 0.25421354166666665 0.2783796296296296 0.011744791666666667 0.018185185185185186
0 0.23088020833333334 0.2737685185185185 0.009213541666666667 0.01566666666666667
0 0.24958333333333332 0.25555555555555554 0.008713541666666666 0.012462962962962964
0 0.24666145833333333 0.24337037037037035 0.007291666666666667 0.009527777777777777
0 0.3248333333333333 0.28875 0.009609375 0.013925925925925925
0 0.3094375 0.30266666666666664 0.013432291666666667 0.014722222222222223
0 0.29525 0.2696944444444444 0.009182291666666667 0.016833333333333332
0 0.30888541666666663 0.2810462962962963 0.010755208333333332 0.01624074074074074
0 0.2649739583333333 0.257 0.0075625 0.011314814814814816
0 0.2749583333333333 0.2587314814814815 0.0080625 0.013925925925925925
0 0.2650885416666667 0.2345462962962963 0.007572916666666666 0.010222222222222221
0 0.27340625 0.23238888888888887 0.007651041666666666 0.010675925925925926
0 0.285859375 0.23878703703703702 0.008125 0.012833333333333332
0 0.29880208333333336 0.2528888888888889 0.010109375 0.013953703703703704