0 0.02548958333333336 0.8726759259259259 0.050979166666666666 0.12546296296296297
0 0.02573958333333337 0.7794814814814816 0.051473958333333326 0.06916666666666671
0 0.3771770833333334 0.6462592592592593 0.06353125000000001 0.08222222222222218
0 0.4005 0.5469259259259259 0.047541666666666656 0.07341666666666663
0 0.29155729166666666 0.4062037037037037 0.03798958333333336 0.10663888888888885
0 0.56940625 0.4174074074074074 0.028125 0.039398148148148106
0 0.4772604166666667 0.3732962962962963 0.022562499999999968 0.033796296296296297
0 0.6049062500000001 0.42950925925925926 0.028895833333333343 0.040574074074074123
0 0.5456197916666667 0.3469351851851852 0.02063541666666661 0.02905555555555555
0 0.578671875 0.33246296296296296 0.017635416666666733 0.024509259259259286
0 0.6079166666666667 0.32535185185185184 0.015598958333333239 0.01808333333333331
0 0.648453125 0.3557592592592593 0.021401041666666742 0.02578703703703706
0 0.6619635416666667 0.3740555555555556 0.023697916666666666 0.03022222222222221
0 0.62746875 0.3121759259259259 0.014859375000000103 0.028277777777777745
0 0.6465885416666667 0.3044259259259259 0.012526041666666762 0.018611111111111134
0 0.6928750000000001 0.3207592592592593 0.01505208333333338 0.022546296296296318
0 0.67246875 0.3035833333333333 0.011734375000000104 0.018879629629629618
0 0.6654947916666667 0.2963888888888889 0.010890624999999925 0.016675925925925917
0 0.72009375 0.29771296296296296 0.012411458333333295 0.01980555555555554
0 0.7353802083333334 0.2891388888888889 0.011156250000000038 0.014842592592592567
0 0.7506510416666666 0.2905185185185185 0.01075520833333338 0.014666666666666696
0 0.7343854166666667 0.27212037037037035 0.010958333333333315 0.012953703703703712
0 0.7163697916666666 0.2641296296296296 0.01080208333333322 0.014518518518518472
0 0.7457864583333333 0.2783796296296296 0.011744791666666761 0.018185185185185172
0 0.7691197916666667 0.2737685185185185 0.009213541666666695 0.015666666666666627
0 0.7504166666666666 0.25555555555555554 0.008713541666666677 0.012462962962962997
0 0.7533385416666667 0.24337037037037035 0.007291666666666667 0.009527777777777744
0 0.6751666666666668 0.28875 0.009609374999999904 0.013925925925925892
0 0.6905625000000001 0.30266666666666664 0.013432291666666648 0.0147222222222222
0 0.70475 0.2696944444444444 0.009182291666666724 0.016833333333333287
0 0.6911145833333333 0.2810462962962963 0.01075520833333338 0.01624074074074071
0 0.7350260416666666 0.257 0.00756249999999999 0.01131481481481484
0 0.7250416666666666 0.2587314814814815 0.008062500000000009 0.013925925925925892
0 0.7349114583333333 0.2345462962962963 0.007572916666666648 0.010222222222222214
0 0.7265937499999999 0.2323888888888889 0.007651041666666695 0.010675925925925927
0 0.7141406250000001 0.23878703703703702 0.008124999999999953 0.012833333333333346
0 0.7011979166666666 0.2528888888888889 0.010109374999999924 0.01395370370370375