0 0.5156979166666668 0.5135185185185185 0.061770833333333344 0.09082407407407406
0 0.18806770833333328 0.4106111111111111 0.05905208333333333 0.07018518518518514
0 0.3285208333333333 0.24543518518518517 0.043770833333333314 0.04231481481481483
0 0.5230729166666667 0.2963796296296296 0.039494791666666626 0.05160185185185187
0 0.6275156249999999 0.9493333333333334 0.09334374999999989 0.10133333333333339
0 0.7619010416666666 0.9337962962962963 0.12145312500000002 0.12273148148148154
0 0.41094270833333335 0.1600462962962963 0.02379687500000003 0.035462962962962974
0 0.4616666666666667 0.18577777777777776 0.024197916666666687 0.025185185185185175
0 0.45819270833333337 0.1574722222222222 0.02265625 0.020018518518518522
0 0.5279166666666667 0.20447222222222222 0.024802083333333336 0.027592592592592603
0 0.48798958333333337 0.1600462962962963 0.01900000000000001 0.023111111111111093
0 0.5426718749999999 0.17239814814814813 0.019598958333333392 0.023120370370370395
0 0.5175989583333334 0.16193518518518518 0.0211302083333333 0.024824074074074075
0 0.5025520833333333 0.14855555555555555 0.014182291666666676 0.022759259259259243
0 0.561765625 0.15592592592592594 0.01690625000000002 0.01899074074074073