0 0.7754114583333334 0.9393240740740741 0.10029166666666664 0.12135185185185181
0 0.5634427083333333 0.7899259259259259 0.07840104166666671 0.13366666666666657
0 0.4172083333333333 0.5864537037037038 0.08128124999999997 0.13042592592592583
0 0.30284375 0.665212962962963 0.0766875 0.12497222222222225
0 0.5729583333333333 0.47815740740740736 0.04822395833333341 0.07516666666666673
0 0.540796875 0.34550925925925924 0.03729166666666662 0.05424074074074078
0 0.5261041666666667 0.26001851851851854 0.02905208333333332 0.04297222222222219
0 0.47763541666666665 0.23864814814814816 0.03078124999999995 0.03981481481481482
0 0.45125000000000004 0.18981481481481483 0.030624999999999975 0.0463611111111111
0 0.48884375 0.2069351851851852 0.024562500000000043 0.033148148148148156
0 0.5331927083333333 0.22012037037037038 0.02645833333333337 0.0350740740740741
0 0.5371666666666667 0.19533333333333333 0.02353645833333336 0.029601851851851824
0 0.5064322916666667 0.18380555555555556 0.021463541666666686 0.028638888888888894
0 0.548703125 0.16625925925925927 0.01903645833333343 0.024277777777777804
0 0.5180885416666666 0.16244444444444445 0.018437500000000048 0.02374999999999998
0 0.47733854166666667 0.14151851851851852 0.016244791666666696 0.019824074074074098
0 0.5310312500000001 0.14089814814814813 0.013822916666666707 0.020259259259259255
0 0.5598854166666667 0.15562962962962965 0.01463020833333341 0.02549074074074077
0 0.5489947916666668 0.14358333333333334 0.014510416666666732 0.017370370370370362
0 0.5693802083333334 0.14428703703703705 0.012598958333333361 0.017592592592592594