0 0.48430208333333336 0.5135185185185185 0.06177083333333333 0.09082407407407407
0 0.8119322916666667 0.4106111111111111 0.05905208333333333 0.07018518518518518
0 0.6714791666666666 0.24543518518518517 0.043770833333333335 0.04231481481481482
0 0.47692708333333333 0.2963796296296296 0.03949479166666667 0.05160185185185185
0 0.372484375 0.9493333333333334 0.09334375 0.10133333333333333
0 0.23809895833333333 0.9337962962962963 0.121453125 0.1227314814814815
0 0.5890572916666666 0.1600462962962963 0.023796875 0.03546296296296296
0 0.5383333333333333 0.18577777777777776 0.024197916666666666 0.025185185185185185
0 0.5418072916666666 0.1574722222222222 0.02265625 0.02001851851851852
0 0.4720833333333333 0.20447222222222222 0.024802083333333332 0.027592592592592592
0 0.5120104166666667 0.1600462962962963 0.019 0.023111111111111114
0 0.45732812500000003 0.17239814814814813 0.019598958333333336 0.02312037037037037
0 0.4824010416666667 0.16193518518518518 0.021130208333333334 0.02482407407407407
0 0.49744791666666666 0.14855555555555555 0.014182291666666668 0.022759259259259257
0 0.438234375 0.15592592592592594 0.01690625 0.018990740740740742