0 0.7753593750000001 0.9484814814814814 0.0968020833333334 0.10303703703703712
0 0.7062864583333334 0.9686944444444445 0.037171874999999945 0.06260185185185187
0 0.62890625 0.9458333333333333 0.1015625 0.10833333333333334
0 0.4556302083333333 0.8929166666666668 0.09054166666666662 0.16066666666666676
0 0.6761614583333333 0.7625555555555555 0.07655729166666655 0.12091666666666659
0 0.5397239583333333 0.7379444444444445 0.07068229166666669 0.1161666666666667
0 0.4250364583333333 0.6789444444444445 0.06965625 0.10892592592592602
0 0.605203125 0.597037037037037 0.0605625000000001 0.09224074074074064
0 0.5019427083333333 0.5793333333333333 0.06151562499999995 0.09187962962962964
0 0.41080208333333335 0.5433703703703704 0.058505208333333295 0.08904629629629636
0 0.49203645833333337 0.4756851851851852 0.05260937499999999 0.07381481481481485
0 0.5714322916666668 0.4697037037037037 0.05151041666666671 0.08387962962962961
0 0.550359375 0.3861759259259259 0.03958854166666672 0.06400925925925925
0 0.4752395833333333 0.3913518518518519 0.04226562500000005 0.06534259259259263
0 0.4056614583333333 0.42275 0.04626562499999996 0.07106481481481482
0 0.47416145833333334 0.3312314814814815 0.03838020833333336 0.051351851851851885
0 0.5374218749999999 0.3279722222222222 0.035572916666666704 0.04794444444444442
0 0.5295208333333333 0.2743055555555556 0.03392187499999994 0.04351851851851852
0 0.47755729166666666 0.2820925925925926 0.03357291666666669 0.045212962962963
0 0.4181302083333333 0.31760185185185186 0.037578125000000046 0.06722222222222224
0 0.361328125 0.2765462962962963 0.03219791666666663 0.04636111111111116
0 0.3189114583333333 0.2555185185185185 0.0348020833333333 0.04677777777777776
0 0.3866666666666667 0.22990740740740742 0.029296875 0.03801851851851855
0 0.43574479166666674 0.22725 0.02877083333333334 0.0441296296296296
0 0.47295833333333337 0.2455925925925926 0.02944270833333332 0.03835185185185184
0 0.5240677083333334 0.23746296296296293 0.027364583333333314 0.03680555555555556
0 0.4903125 0.2081574074074074 0.026078124999999966 0.035342592592592606
0 0.46754687500000003 0.18076851851851852 0.02286979166666671 0.030768518518518535
0 0.4486145833333333 0.20914814814814814 0.020703125 0.030805555555555537
0 0.4176302083333333 0.18492592592592594 0.024791666666666618 0.03307407407407405
0 0.4521458333333333 0.15930555555555556 0.018828125000000046 0.023833333333333342
0 0.477984375 0.1656574074074074 0.017562500000000016 0.031518518518518536
0 0.5055989583333333 0.17860185185185184 0.02095312500000001 0.027185185185185198
0 0.5371458333333334 0.20504629629629628 0.023567708333333333 0.029222222222222226
0 0.5395104166666668 0.18716666666666665 0.02223437500000003 0.021148148148148124
0 0.5192552083333334 0.16662037037037036 0.01771874999999999 0.02285185185185186
0 0.49518229166666666 0.1555462962962963 0.016010416666666673 0.020851851851851837
0 0.5360625 0.15091666666666667 0.016098958333333316 0.01963888888888887
0 0.5652552083333333 0.15099074074074073 0.015406249999999962 0.02044444444444443