0 0.5706562500000001 0.7434814814814815 0.07465625000000001 0.13032407407407406
0 0.3836510416666667 0.584462962962963 0.057609375 0.0971111111111111
0 0.5297239583333334 0.47759259259259257 0.0536875 0.09491666666666668
0 0.5948645833333334 0.3983055555555556 0.047177083333333335 0.08125
0 0.5126770833333334 0.3619444444444444 0.043015625 0.07182407407407407
0 0.8109270833333333 0.41591666666666666 0.058619791666666664 0.07982407407407408
0 0.651828125 0.32944444444444443 0.040239583333333336 0.055129629629629626
0 0.581609375 0.2885740740740741 0.03488541666666667 0.059898148148148145
0 0.47246875 0.27825 0.032921875 0.04621296296296296
0 0.5219166666666667 0.26175 0.031005208333333333 0.04281481481481482
0 0.4789583333333333 0.2334537037037037 0.014093749999999999 0.03319444444444444
0 0.5136302083333333 0.21503703703703705 0.02763541666666667 0.03725
0 0.548875 0.2320648148148148 0.030588541666666667 0.04260185185185185
0 0.5504010416666667 0.19719444444444445 0.02530729166666667 0.032018518518518516
0 0.607578125 0.1897685185185185 0.025354166666666667 0.040185185185185185
0 0.498953125 0.19557407407407407 0.02353125 0.03143518518518519
0 0.45913541666666663 0.1684351851851852 0.019848958333333333 0.028064814814814813
0 0.47944791666666664 0.16024074074074074 0.018885416666666665 0.026287037037037036
0 0.5023072916666667 0.15435185185185185 0.01678645833333333 0.02115740740740741
0 0.5251510416666666 0.17307407407407407 0.019395833333333334 0.03337037037037037
0 0.5421875 0.18566666666666667 0.019348958333333333 0.034638888888888886
0 0.557609375 0.14650925925925926 0.015817708333333333 0.020953703703703704
0 0.5783177083333333 0.15962037037037036 0.02075 0.02902777777777778
0 0.4396302083333333 0.15525925925925926 0.017203125 0.02386111111111111
0 0.46557291666666667 0.14791666666666667 0.015583333333333334 0.02115740740740741
0 0.47626041666666663 0.18808333333333332 0.00009895833333333333 0.00031481481481481486