0 0.42934374999999997 0.7434814814814815 0.07465624999999995 0.13032407407407406
0 0.6163489583333333 0.584462962962963 0.05760937500000007 0.09711111111111122
0 0.47027604166666664 0.47759259259259257 0.053687499999999964 0.09491666666666666
0 0.40513541666666664 0.3983055555555556 0.04717708333333329 0.08125
0 0.48732291666666666 0.3619444444444444 0.04301562499999996 0.07182407407407401
0 0.18907291666666665 0.41591666666666666 0.05861979166666664 0.0798240740740741
0 0.348171875 0.32944444444444443 0.04023958333333333 0.0551296296296296
0 0.41839062499999996 0.2885740740740741 0.034885416666666676 0.059898148148148096
0 0.5275312499999999 0.27825 0.03292187499999996 0.046212962962962935
0 0.4780833333333333 0.26175 0.03100520833333332 0.042814814814814826
0 0.5210416666666666 0.2334537037037037 0.014093749999999971 0.033194444444444464
0 0.48636979166666666 0.21503703703703705 0.027635416666666638 0.03725000000000002
0 0.45112500000000005 0.2320648148148148 0.030588541666666677 0.04260185185185184
0 0.44959895833333335 0.19719444444444445 0.025307291666666624 0.0320185185185185
0 0.39242187500000003 0.1897685185185185 0.0253541666666667 0.040185185185185164
0 0.501046875 0.19557407407407407 0.023531250000000035 0.03143518518518518
0 0.5408645833333333 0.1684351851851852 0.01984895833333334 0.028064814814814817
0 0.5205520833333334 0.16024074074074074 0.01888541666666666 0.026287037037037025
0 0.49769270833333334 0.15435185185185185 0.016786458333333344 0.021157407407407427
0 0.47484895833333335 0.17307407407407407 0.019395833333333338 0.03337037037037039
0 0.4578125 0.18566666666666667 0.01934895833333338 0.034638888888888913
0 0.44239062500000004 0.14650925925925926 0.015817708333333277 0.0209537037037037
0 0.4216822916666667 0.15962037037037036 0.020749999999999956 0.029027777777777798
0 0.5603697916666666 0.15525925925925926 0.017203125000000104 0.023861111111111093
0 0.5344270833333333 0.14791666666666667 0.015583333333333371 0.021157407407407427
0 0.5237395833333334 0.18808333333333332 0.00009895833333336175 0.00031481481481479166