0 0.22458854166666667 0.9393240740740741 0.10029166666666667 0.12135185185185185
0 0.4365572916666667 0.7899259259259259 0.07840104166666667 0.13366666666666668
0 0.5827916666666667 0.5864537037037038 0.08128125 0.13042592592592595
0 0.69715625 0.665212962962963 0.0766875 0.12497222222222222
0 0.42704166666666665 0.47815740740740736 0.04822395833333334 0.07516666666666667
0 0.459203125 0.34550925925925924 0.03729166666666666 0.05424074074074074
0 0.47389583333333335 0.26001851851851854 0.029052083333333333 0.04297222222222222
0 0.5223645833333334 0.23864814814814816 0.03078125 0.03981481481481482
0 0.54875 0.18981481481481483 0.030625 0.04636111111111111
0 0.51115625 0.2069351851851852 0.024562499999999998 0.03314814814814815
0 0.4668072916666667 0.22012037037037036 0.02645833333333333 0.03507407407407408
0 0.4628333333333333 0.19533333333333333 0.023536458333333333 0.02960185185185185
0 0.4935677083333333 0.18380555555555556 0.021463541666666665 0.028638888888888887
0 0.451296875 0.16625925925925927 0.019036458333333332 0.024277777777777777
0 0.4819114583333333 0.16244444444444445 0.0184375 0.02375
0 0.5226614583333333 0.14151851851851852 0.016244791666666668 0.019824074074074074
0 0.46896875 0.14089814814814813 0.013822916666666666 0.020259259259259258
0 0.4401145833333333 0.15562962962962965 0.014630208333333334 0.02549074074074074
0 0.4510052083333333 0.14358333333333334 0.014510416666666666 0.017370370370370373
0 0.43061979166666664 0.14428703703703705 0.012598958333333334 0.017592592592592594