0 0.224640625 0.9484814814814814 0.09680208333333334 0.10303703703703704
0 0.29371354166666663 0.9686944444444445 0.037171875 0.06260185185185185
0 0.3709322916666667 0.9462777777777778 0.10163020833333333 0.1074537037037037
0 0.5443697916666667 0.8929166666666667 0.09054166666666667 0.16066666666666668
0 0.32383854166666665 0.7625555555555555 0.07655729166666667 0.12091666666666667
0 0.4602760416666667 0.7379444444444445 0.07068229166666667 0.11616666666666665
0 0.5749635416666667 0.6789444444444445 0.06965625 0.10892592592592593
0 0.394796875 0.597037037037037 0.0605625 0.09224074074074075
0 0.4980572916666667 0.5793333333333333 0.061515625 0.09187962962962963
0 0.5891979166666667 0.5433703703703704 0.05850520833333333 0.0890462962962963
0 0.5079635416666667 0.4756851851851852 0.052609375 0.07381481481481482
0 0.42856770833333335 0.4697037037037037 0.05151041666666667 0.08387962962962964
0 0.44964062499999996 0.3861759259259259 0.03958854166666667 0.06400925925925925
0 0.5247604166666666 0.3913518518518519 0.042265625 0.06534259259259259
0 0.5943385416666668 0.42275 0.046265625 0.07106481481481482
0 0.5258385416666667 0.3312314814814815 0.03838020833333333 0.05135185185185185
0 0.462578125 0.3279722222222222 0.03557291666666666 0.04794444444444444
0 0.47047916666666667 0.2743055555555556 0.033921875 0.04351851851851852
0 0.5224427083333334 0.2820925925925926 0.03357291666666666 0.04521296296296296
0 0.5818697916666667 0.31760185185185186 0.037578125000000004 0.06722222222222221
0 0.638671875 0.2765462962962963 0.032197916666666666 0.04636111111111111
0 0.6810885416666667 0.2555185185185185 0.03480208333333333 0.04677777777777778
0 0.6133333333333333 0.22990740740740742 0.029296875 0.03801851851851852
0 0.5642552083333333 0.22725 0.028770833333333336 0.04412962962962963
0 0.5270416666666666 0.2455925925925926 0.029442708333333335 0.03835185185185185
0 0.4759322916666667 0.23746296296296293 0.027364583333333335 0.03680555555555556
0 0.5096875 0.2081574074074074 0.026078125 0.03534259259259259
0 0.532453125 0.18076851851851852 0.022869791666666663 0.030768518518518514
0 0.5513854166666667 0.20914814814814814 0.020703125 0.030805555555555558
0 0.5823697916666667 0.18492592592592594 0.024791666666666667 0.033074074074074075
0 0.5478541666666668 0.15930555555555556 0.018828124999999998 0.02383333333333333
0 0.522015625 0.1656574074074074 0.017562499999999998 0.031518518518518515
0 0.49440104166666665 0.17860185185185184 0.020953125 0.027185185185185184
0 0.4628541666666666 0.20504629629629628 0.023567708333333333 0.029222222222222222
0 0.46048958333333334 0.18716666666666665 0.022234374999999997 0.02114814814814815
0 0.48074479166666667 0.16662037037037036 0.017718750000000002 0.022851851851851852
0 0.5048177083333333 0.1555462962962963 0.016010416666666666 0.02085185185185185
0 0.4639375 0.15091666666666667 0.016098958333333333 0.01963888888888889
0 0.4347447916666667 0.15099074074074073 0.01540625 0.020444444444444442