0 0.9548333333333333 0.6332592592592592 0.05549479166666667 0.08688888888888889
0 0.9828125 0.4771851851851852 0.034375 0.059925925925925924
0 0.863828125 0.39932407407407405 0.028703125 0.04123148148148148
0 0.7520052083333333 0.34150925925925923 0.020677083333333336 0.029324074074074075
0 0.707125 0.32336111111111115 0.020546875000000003 0.023962962962962964
0 0.7493697916666666 0.2099537037037037 0.019567708333333333 0.02175
0 0.6808385416666667 0.2963425925925926 0.015921875 0.02047222222222222
0 0.5776145833333334 0.2746759259259259 0.014494791666666666 0.023018518518518518
0 0.6626093750000001 0.2771203703703704 0.01584375 0.019064814814814816
0 0.6060052083333333 0.25189814814814815 0.010213541666666666 0.01676851851851852
0 0.6239270833333334 0.24784259259259261 0.011041666666666667 0.015064814814814814
0 0.6489583333333333 0.2444537037037037 0.011380208333333334 0.015685185185185187
0 0.6679895833333334 0.2424074074074074 0.011177083333333334 0.023657407407407408
0 0.61290625 0.3205277777777778 0.006536458333333333 0.019694444444444445