0 0.04516666666666668 0.6332592592592592 0.055494791666666675 0.08688888888888881
0 0.0171875 0.4771851851851852 0.034375 0.05992592592592595
0 0.13617187500000003 0.39932407407407405 0.028703125000000006 0.04123148148148146
0 0.24799479166666671 0.34150925925925923 0.020677083333333356 0.029324074074074037
0 0.29287499999999994 0.32336111111111115 0.020546875000000023 0.02396296296296296
0 0.2506302083333333 0.2099537037037037 0.01956770833333336 0.02175000000000001
0 0.3191614583333333 0.2963425925925926 0.015921874999999967 0.020472222222222235
0 0.4223854166666667 0.2746759259259259 0.014494791666666628 0.023018518518518532
0 0.337390625 0.2771203703703704 0.01584375000000004 0.019064814814814843
0 0.3939947916666667 0.25189814814814815 0.010213541666666614 0.01676851851851853
0 0.37607291666666665 0.24784259259259261 0.011041666666666691 0.015064814814814798
0 0.35104166666666664 0.2444537037037037 0.011380208333333286 0.015685185185185208
0 0.3320104166666667 0.2424074074074074 0.011177083333333353 0.02365740740740739
0 0.38709375 0.3205277777777778 0.00653645833333331 0.019694444444444428