0 0.6590416666666666 0.5929629629629629 0.07128645833333333 0.11380555555555555
0 0.5392656250000001 0.6757407407407408 0.07340624999999999 0.12009259259259258
0 0.3997604166666667 0.6670740740740742 0.06939583333333334 0.12499074074074075
0 0.31279687500000003 0.6283333333333333 0.06838020833333333 0.10306481481481482
0 0.5094635416666666 0.46800925925925924 0.04921875 0.08611111111111111
0 0.5103333333333333 0.36368518518518517 0.041984375 0.05873148148148148
0 0.5949479166666667 0.3529074074074074 0.04227604166666667 0.0587037037037037
0 0.606015625 0.26837962962962963 0.03139583333333333 0.039324074074074074
0 0.7406354166666667 0.2882222222222222 0.035390625 0.05748148148148148
0 0.7263854166666667 0.18065740740740743 0.02059895833333333 0.03771296296296296
0 0.6891666666666667 0.18205555555555555 0.021166666666666667 0.031083333333333334
0 0.70390625 0.19685185185185183 0.009161458333333334 0.024083333333333335
0 0.7440677083333332 0.1630462962962963 0.0184375 0.029055555555555553
0 0.7646197916666666 0.16937962962962963 0.026713541666666667 0.052925925925925925
0 0.7551666666666667 0.12025000000000001 0.015776041666666667 0.02546296296296296
0 0.7735572916666666 0.12911111111111112 0.01738020833333333 0.026675925925925926
0 0.784625 0.1095462962962963 0.01528125 0.019398148148148147
0 0.791375 0.09408333333333334 0.013182291666666667 0.017981481481481484