0 0.2994895833333333 0.8415648148148148 0.091765625 0.14435185185185187
0 0.33460937500000004 0.5777407407407408 0.06617708333333333 0.09447222222222222
0 0.47152083333333333 0.39898148148148144 0.046364583333333334 0.06316666666666666
0 0.5303541666666667 0.4297962962962963 0.04681770833333333 0.06763888888888889
0 0.5857447916666667 0.5429444444444445 0.026895833333333334 0.0689537037037037
0 0.5305989583333334 0.3304722222222222 0.04108333333333333 0.05706481481481482
0 0.603671875 0.26541666666666663 0.03163020833333333 0.041305555555555554
0 0.6869791666666667 0.26846296296296296 0.046984374999999995 0.0818611111111111
0 0.6615520833333334 0.2446111111111111 0.018260416666666668 0.04050925925925926
0 0.6658124999999999 0.20022222222222222 0.022973958333333332 0.02987962962962963
0 0.7131822916666667 0.19878703703703704 0.024281249999999997 0.029564814814814815
0 0.72290625 0.15039814814814814 0.02090625 0.02912962962962963
0 0.7477864583333333 0.13939814814814816 0.009822916666666666 0.023166666666666665
0 0.7948229166666666 0.10208333333333333 0.015473958333333334 0.021222222222222222