0 0.45984895833333334 0.9189537037037038 0.11665624999999999 0.1620925925925926
0 0.32946875000000003 0.8266851851851852 0.08922395833333334 0.15162037037037038
0 0.4084583333333333 0.48802777777777784 0.06051041666666667 0.07800925925925926
0 0.6308645833333333 0.4008333333333333 0.046947916666666666 0.076
0 0.5954010416666667 0.32562962962962966 0.03719791666666667 0.06522222222222222
0 0.6122656249999999 0.25799074074074074 0.028947916666666667 0.037361111111111116
0 0.6421927083333333 0.2669259259259259 0.031088541666666667 0.05255555555555556
0 0.68953125 0.28691666666666665 0.034380208333333336 0.050898148148148144
0 0.725234375 0.3293425925925926 0.03856770833333333 0.056546296296296296
0 0.7081354166666666 0.26014814814814813 0.030057291666666666 0.036305555555555556
0 0.6546510416666667 0.2155277777777778 0.022088541666666666 0.0322962962962963
0 0.662890625 0.22797222222222224 0.00978125 0.028685185185185185
0 0.6860989583333333 0.22522222222222224 0.02500520833333333 0.031629629629629626
0 0.7275104166666666 0.2137314814814815 0.03657291666666666 0.06512037037037037
0 0.6981666666666667 0.17553703703703705 0.020932291666666665 0.02674074074074074
0 0.7407135416666667 0.14923148148148146 0.008640625 0.01898148148148148
0 0.7514375 0.16333333333333333 0.008119791666666666 0.018694444444444444
0 0.7697552083333333 0.17319444444444446 0.020109375 0.032074074074074074
0 0.7741145833333333 0.13224074074074074 0.01665625 0.022481481481481484
0 0.7570364583333333 0.11975925925925926 0.016651041666666665 0.02022222222222222
0 0.7710781250000001 0.10687037037037037 0.015625 0.01976851851851852
0 0.7861822916666666 0.10912037037037037 0.007536458333333333 0.020046296296296295
0 0.7992135416666667 0.0964351851851852 0.007770833333333334 0.01686111111111111