0 0.17505208333333336 0.8558703703703704 0.08455208333333333 0.13591666666666666
0 0.32721875 0.6068981481481482 0.06805729166666666 0.09352777777777778
0 0.531109375 0.6190648148148148 0.06958854166666667 0.11046296296296296
0 0.40384895833333334 0.5078425925925926 0.058817708333333336 0.0768888888888889
0 0.5036354166666667 0.460787037037037 0.054218749999999996 0.0827962962962963
0 0.5939322916666666 0.3312685185185185 0.03631770833333334 0.057583333333333334
0 0.6301458333333334 0.5046574074074074 0.05667708333333333 0.0745
0 0.6893333333333334 0.29198148148148145 0.031390625 0.054407407407407404
0 0.6424375 0.22662037037037036 0.02530729166666667 0.03660185185185185
0 0.6915260416666666 0.18603703703703703 0.021953125 0.027620370370370368
0 0.7313124999999999 0.14287962962962963 0.019874999999999997 0.02962962962962963
0 0.7469114583333333 0.1960185185185185 0.023421874999999998 0.03607407407407408
0 0.7681822916666667 0.10540740740740741 0.004619791666666666 0.023046296296296297
0 0.7933802083333333 0.09975925925925926 0.00403125 0.018666666666666668