0 0.28465625 0.6447592592592593 0.06078125 0.10762037037037038
0 0.44043229166666664 0.6300277777777777 0.06315104166666667 0.09894444444444445
0 0.6235833333333333 0.8064907407407408 0.08675520833333333 0.12224074074074075
0 0.44264583333333335 0.44007407407407406 0.05052604166666667 0.0685925925925926
0 0.5526979166666667 0.39287962962962963 0.03877604166666667 0.05726851851851852
0 0.6058229166666667 0.46015740740740746 0.04497395833333333 0.06321296296296296
0 0.6386979166666666 0.3621111111111111 0.03885416666666666 0.057555555555555554
0 0.6080885416666667 0.3217037037037037 0.025552083333333333 0.04526851851851852
0 0.7440416666666666 0.29170370370370374 0.030791666666666665 0.038953703703703706
0 0.65071875 0.26781481481481484 0.026807291666666667 0.03841666666666667
0 0.6936510416666667 0.22013888888888888 0.020973958333333334 0.033101851851851855
0 0.637640625 0.23191666666666666 0.021109375 0.03235185185185185
0 0.7127031250000001 0.17868518518518517 0.008203125 0.0185
0 0.7381666666666666 0.14012962962962963 0.016265625 0.020416666666666666
0 0.673734375 0.19605555555555557 0.023947916666666666 0.026305555555555554
0 0.7562604166666667 0.20038888888888887 0.019807291666666667 0.028564814814814817
0 0.7715052083333334 0.1303888888888889 0.016020833333333335 0.025175925925925928
0 0.7675260416666667 0.11185185185185186 0.015260416666666667 0.01813888888888889