0 0.7153437500000001 0.6447592592592593 0.060781249999999905 0.1076203703703704
0 0.5595677083333332 0.6300277777777777 0.06315104166666667 0.09894444444444435
0 0.3764166666666667 0.8064907407407408 0.0867552083333333 0.12224074074074072
0 0.5573541666666666 0.44007407407407406 0.05052604166666672 0.06859259259259258
0 0.4473020833333333 0.39287962962962963 0.03877604166666669 0.05726851851851854
0 0.3941770833333333 0.46015740740740746 0.044973958333333286 0.06321296296296294
0 0.36130208333333336 0.3621111111111111 0.03885416666666662 0.057555555555555526
0 0.39191145833333335 0.3217037037037037 0.025552083333333305 0.04526851851851851
0 0.25595833333333334 0.29170370370370374 0.03079166666666664 0.03895370370370375
0 0.34928124999999993 0.26781481481481484 0.02680729166666668 0.038416666666666675
0 0.30634895833333337 0.22013888888888888 0.020973958333333324 0.033101851851851855
0 0.362359375 0.23191666666666666 0.021109374999999986 0.03235185185185185
0 0.28729687499999995 0.17868518518518517 0.008203125 0.018500000000000016
0 0.26183333333333336 0.14012962962962963 0.01626562500000001 0.020416666666666677
0 0.32626562500000006 0.19605555555555557 0.023947916666666676 0.02630555555555558
0 0.24373958333333334 0.20038888888888887 0.019807291666666654 0.028564814814814835
0 0.2284947916666667 0.1303888888888889 0.016020833333333328 0.025175925925925925
0 0.23247395833333329 0.11185185185185186 0.015260416666666643 0.018138888888888892