0 0.34095833333333336 0.5929629629629629 0.07128645833333327 0.11380555555555563
0 0.460734375 0.6757407407407408 0.07340625000000003 0.12009259259259264
0 0.6002395833333334 0.6670740740740742 0.06939583333333323 0.12499074074074075
0 0.6872031249999999 0.6283333333333333 0.06838020833333332 0.10306481481481476
0 0.49053645833333337 0.4680092592592593 0.04921875 0.08611111111111117
0 0.48966666666666664 0.36368518518518517 0.04198437499999995 0.05873148148148143
0 0.40505208333333337 0.3529074074074074 0.0422760416666667 0.05870370370370368
0 0.393984375 0.26837962962962963 0.03139583333333332 0.0393240740740741
0 0.25936458333333334 0.2882222222222222 0.03539062500000002 0.05748148148148152
0 0.27361458333333327 0.18065740740740743 0.02059895833333331 0.03771296296296298
0 0.3108333333333333 0.18205555555555555 0.02116666666666672 0.031083333333333327
0 0.29609375 0.19685185185185183 0.00916145833333329 0.024083333333333325
0 0.2559322916666667 0.1630462962962963 0.01843749999999999 0.02905555555555555
0 0.23538020833333337 0.16937962962962963 0.02671354166666665 0.0529259259259259
0 0.2448333333333333 0.12025000000000001 0.015776041666666647 0.02546296296296296
0 0.22644270833333333 0.12911111111111112 0.017380208333333334 0.02667592592592593
0 0.21537499999999998 0.1095462962962963 0.015281250000000017 0.019398148148148137
0 0.20862499999999998 0.09408333333333334 0.013182291666666639 0.01798148148148147