0 0.9444791666666668 0.6776574074074074 0.06025520833333333 0.07959259259259259
0 0.759328125 0.45202777777777775 0.03370833333333333 0.051166666666666666
0 0.6790468749999999 0.43221296296296297 0.038072916666666665 0.05167592592592593
0 0.637390625 0.4535648148148148 0.03808854166666666 0.04808333333333333
0 0.6058541666666667 0.3431944444444444 0.02363541666666667 0.04030555555555556
0 0.621046875 0.32158333333333333 0.021026041666666665 0.03412037037037037
0 0.541484375 0.35194444444444445 0.032046875 0.03927777777777778
0 0.50315625 0.26691666666666664 0.019619791666666667 0.028175925925925927
0 0.45372395833333334 0.2701018518518518 0.02550520833333333 0.02785185185185185
0 0.4485208333333333 0.23555555555555557 0.02030208333333333 0.021277777777777777
0 0.375921875 0.21975925925925927 0.013838541666666667 0.014722222222222223
0 0.39801562500000004 0.22088888888888888 0.012567708333333334 0.013601851851851851
0 0.42263020833333337 0.2263611111111111 0.014453125 0.0195
0 0.345390625 0.20025925925925925 0.010536458333333333 0.014435185185185185