0 0.8547916666666667 0.4923796296296296 0.03819270833333333 0.06397222222222222
0 0.7142499999999999 0.4136296296296297 0.033817708333333335 0.058166666666666665
0 0.5739739583333333 0.34906481481481483 0.028380208333333334 0.042
0 0.5116145833333333 0.32796296296296296 0.02821875 0.04097222222222222
0 0.484265625 0.27673148148148147 0.019958333333333335 0.026129629629629628
0 0.4349270833333333 0.26058333333333333 0.01834895833333333 0.024
0 0.4102135416666667 0.23347222222222222 0.013921875 0.019703703703703706
0 0.40266145833333333 0.21925 0.012697916666666666 0.02013888888888889
0 0.373765625 0.19350925925925927 0.014119791666666666 0.030611111111111113
0 0.3823229166666666 0.20800925925925925 0.011604166666666667 0.015092592592592593
0 0.360953125 0.2113796296296296 0.012182291666666668 0.012222222222222221
0 0.351296875 0.20399074074074075 0.0118125 0.011879629629629629
0 0.33851562500000004 0.19921296296296298 0.01196875 0.012555555555555556