0 0.15218750000000003 0.5802592592592593 0.04211979166666667 0.07695370370370361
0 0.32665625000000004 0.4015185185185185 0.028359375000000023 0.04601851851851856
0 0.4387291666666666 0.3709074074074074 0.028822916666666625 0.04758333333333332
0 0.39182291666666663 0.3163148148148148 0.02205729166666662 0.03888888888888889
0 0.47269791666666666 0.30348148148148146 0.022786458333333332 0.036944444444444426
0 0.5782968749999999 0.23385185185185187 0.014901041666666733 0.020481481481481486
0 0.5630104166666666 0.23149074074074072 0.013447916666666752 0.018824074074074087
0 0.5542708333333334 0.22373148148148148 0.0129635416666666 0.02162037037037039
0 0.5873020833333332 0.21673148148148147 0.012239583333333333 0.019620370370370368
0 0.61303125 0.2149074074074074 0.012046875000000058 0.017601851851851844
0 0.6393229166666666 0.2053611111111111 0.009229166666666563 0.01368518518518516