0 0.8478125 0.5802592592592593 0.04211979166666667 0.0769537037037037
0 0.67334375 0.4015185185185185 0.028359375000000003 0.04601851851851852
0 0.5612708333333334 0.3709074074074074 0.028822916666666667 0.04758333333333333
0 0.6081770833333333 0.3163148148148148 0.022057291666666666 0.03888888888888889
0 0.5273020833333333 0.30348148148148146 0.022786458333333332 0.036944444444444446
0 0.42170312499999996 0.23385185185185187 0.014901041666666667 0.020481481481481482
0 0.4369895833333333 0.23149074074074072 0.013447916666666667 0.018824074074074073
0 0.4457291666666666 0.22373148148148148 0.012963541666666667 0.021620370370370373
0 0.41269791666666666 0.21673148148148147 0.012239583333333333 0.01962037037037037
0 0.38696875000000003 0.2149074074074074 0.012046875 0.017601851851851855
0 0.3606770833333333 0.2053611111111111 0.009229166666666667 0.013685185185185184