0 0.638390625 0.35580555555555554 0.036765625 0.046481481481481485
0 0.5665729166666666 0.35155555555555557 0.041562499999999995 0.04262037037037037
0 0.47620312499999995 0.2959907407407408 0.034 0.03796296296296296
0 0.46361979166666667 0.22787037037037036 0.021854166666666668 0.024416666666666666
0 0.35632291666666666 0.2307685185185185 0.022109375 0.02325925925925926
0 0.41317187499999997 0.24002777777777778 0.023828125 0.027898148148148148
0 0.30248437499999997 0.2124351851851852 0.014692708333333334 0.021324074074074075
0 0.23370312499999998 0.18503703703703703 0.012546875 0.017444444444444443
0 0.33383854166666665 0.17789814814814814 0.011000000000000001 0.01937037037037037
0 0.40240625 0.1937222222222222 0.012708333333333332 0.018611111111111113
0 0.6853802083333334 0.3224351851851852 0.00834375 0.03298148148148148