0 0.36160937499999996 0.35580555555555554 0.036765624999999955 0.046481481481481526
0 0.43342708333333335 0.35155555555555557 0.041562499999999974 0.04262037037037034
0 0.523796875 0.2959907407407408 0.034000000000000044 0.03796296296296296
0 0.5363802083333333 0.22787037037037033 0.021854166666666685 0.024416666666666646
0 0.6436770833333334 0.23076851851851848 0.022109374999999907 0.023259259259259236
0 0.586828125 0.24002777777777778 0.023828125 0.027898148148148144
0 0.697515625 0.2124351851851852 0.014692708333333353 0.021324074074074047
0 0.766296875 0.18503703703703703 0.012546875000000075 0.017444444444444422
0 0.6661614583333333 0.17789814814814814 0.010999999999999944 0.019370370370370385
0 0.59759375 0.1937222222222222 0.01270833333333338 0.018611111111111134
0 0.31461979166666665 0.3224351851851852 0.00834374999999999 0.03298148148148149