0 0.6112864583333334 0.5155833333333334 0.063890625 0.10400925925925926
0 0.8306406249999999 0.5358055555555555 0.04496354166666667 0.10185185185185185
0 0.6113489583333334 0.39616666666666667 0.0123125 0.06046296296296296
0 0.8186510416666667 0.6583611111111111 0.024630208333333334 0.06776851851851852
0 0.49699479166666666 0.2976481481481481 0.014661458333333332 0.03857407407407407
0 0.4857552083333333 0.21649074074074073 0.029802083333333333 0.04121296296296296
0 0.415609375 0.1889259259259259 0.022578125 0.03211111111111111
0 0.4526354166666666 0.2301388888888889 0.007526041666666666 0.01712962962962963
0 0.4436041666666667 0.16162962962962962 0.019567708333333333 0.02783333333333333
0 0.28088541666666667 0.5518055555555555 0.015052083333333332 0.026759259259259257
0 0.32890625 0.16404629629629627 0.016557291666666665 0.01873148148148148