0 0.24026562499999998 0.8354814814814815 0.029744791666666673 0.05677777777777772
0 0.2172552083333334 0.9128518518518518 0.038197916666666686 0.0667962962962964
0 0.15353645833333332 0.8455 0.029744791666666673 0.05009259259259251
0 0.10892187500000006 0.9429166666666667 0.031307291666666674 0.0667962962962964
0 0.24402604166666667 0.7814907407407408 0.02723958333333331 0.03562037037037039
0 0.34750520833333337 0.7436388888888888 0.02191666666666663 0.0445277777777777
0 0.36268749999999994 0.68325 0.017848958333333324 0.03061111111111106
0 0.41935937500000003 0.707462962962963 0.020979166666666653 0.04007407407407405
0 0.41685416666666664 0.646787037037037 0.022854166666666724 0.04007407407407405
0 0.4503541666666667 0.6476296296296297 0.014713541666666666 0.0239351851851851
0 0.47258333333333336 0.6518055555555556 0.01721874999999997 0.02672222222222213