0 0.7449947916666667 0.8183981481481482 0.034468750000000006 0.054935185185185184
0 0.7766875 0.7856481481481481 0.022583333333333334 0.04577777777777778
0 0.6596197916666667 0.7877592592592593 0.027734375 0.047185185185185184
0 0.6451197916666668 0.7301388888888889 0.020609375 0.03311111111111111
0 0.6722395833333333 0.7396203703703703 0.022421874999999997 0.03921296296296296
0 0.5644791666666666 0.6920462962962962 0.02025 0.03536111111111111
0 0.554171875 0.6502592592592592 0.01699479166666667 0.030212962962962966
0 0.5214479166666667 0.6457592592592593 0.015911458333333333 0.02636111111111111
0 0.8099843750000001 0.9087222222222222 0.010750000000000001 0.03762962962962963
0 0.529171875 0.6041203703703704 0.011333333333333334 0.02849074074074074
0 0.5235052083333334 0.6225370370370371 0.013677083333333334 0.020842592592592593
0 0.497125 0.5662592592592592 0.012505208333333333 0.024314814814814817
0 0.4618541666666667 0.5796296296296296 0.010354166666666666 0.019805555555555555
0 0.4857916666666667 0.5716388888888889 0.007427083333333333 0.01911111111111111
0 0.563171875 0.6270462962962964 0.013677083333333334 0.024314814814814817
0 0.471390625 0.5612870370370371 0.007750000000000001 0.011324074074074075