0 0.8035520833333333 0.7909999999999999 0.03299479166666667 0.06222222222222223
0 0.9262708333333334 0.9389722222222222 0.029531250000000002 0.06152777777777778
0 0.7763645833333332 0.8576018518518519 0.029812500000000002 0.046685185185185184
0 0.6869375000000001 0.7434074074074074 0.021791666666666668 0.036814814814814814
0 0.65234375 0.7839537037037037 0.027604166666666666 0.03827777777777778
0 0.5961770833333334 0.7249074074074073 0.023604166666666666 0.03314814814814815
0 0.607703125 0.6693240740740741 0.017489583333333333 0.046046296296296294
0 0.6248281250000001 0.6751666666666666 0.014927083333333334 0.027444444444444445
0 0.552890625 0.6318611111111111 0.015161458333333332 0.024833333333333332
0 0.5661979166666666 0.6272129629629629 0.011354166666666667 0.019648148148148147
0 0.49259895833333334 0.5958611111111111 0.0115625 0.017638888888888888
0 0.5075677083333333 0.588037037037037 0.012010416666666666 0.02237037037037037
0 0.4901979166666666 0.5777592592592593 0.012687499999999999 0.01662962962962963
0 0.46844791666666663 0.5694074074074075 0.0098125 0.01287962962962963
0 0.48856249999999996 0.5615185185185185 0.010458333333333332 0.015620370370370371
0 0.6891510416666667 0.7791574074074075 0.007921875 0.02673148148148148
0 0.5528489583333334 0.6728425925925926 0.0046614583333333326 0.017907407407407407
0 0.5718697916666666 0.6743796296296297 0.003901041666666667 0.018333333333333333