0 0.2550052083333333 0.8183981481481482 0.034468750000000034 0.054935185185185115
0 0.2233125 0.7856481481481481 0.02258333333333334 0.04577777777777783
0 0.3403802083333333 0.7877592592592593 0.027734375 0.04718518518518522
0 0.3548802083333333 0.7301388888888889 0.020609374999999968 0.033111111111111105
0 0.32776041666666667 0.7396203703703703 0.022421874999999977 0.03921296296296288
0 0.43552083333333336 0.6920462962962962 0.020250000000000056 0.03536111111111116
0 0.445828125 0.6502592592592592 0.016994791666666724 0.030212962962963063
0 0.4785520833333334 0.6457592592592593 0.01591145833333331 0.026361111111111137
0 0.19001562499999997 0.9087222222222222 0.010749999999999992 0.03762962962962972
0 0.470828125 0.6041203703703704 0.011333333333333329 0.028490740740740723
0 0.4764947916666667 0.6225370370370371 0.01367708333333333 0.020842592592592583
0 0.502875 0.5662592592592592 0.012505208333333328 0.024314814814814806
0 0.5381458333333333 0.5796296296296296 0.010354166666666723 0.01980555555555565
0 0.5142083333333333 0.5716388888888889 0.007427083333333329 0.019111111111111204
0 0.436828125 0.6270462962962964 0.01367708333333333 0.024314814814814806
0 0.5286093749999999 0.5612870370370371 0.007750000000000057 0.01132407407407409