0 0.7597343750000001 0.8354814814814815 0.029744791666666666 0.05677777777777778
0 0.7827447916666667 0.9128518518518518 0.03819791666666667 0.0667962962962963
0 0.8464635416666667 0.8455 0.029744791666666666 0.05009259259259259
0 0.8910781249999999 0.9429166666666667 0.03130729166666667 0.0667962962962963
0 0.7559739583333334 0.7814907407407408 0.02723958333333333 0.03562037037037037
0 0.6524947916666667 0.7436388888888888 0.021916666666666664 0.044527777777777784
0 0.6373125000000001 0.68325 0.017848958333333335 0.030611111111111113
0 0.5806406249999999 0.707462962962963 0.020979166666666667 0.040074074074074074
0 0.5831458333333334 0.646787037037037 0.02285416666666667 0.040074074074074074
0 0.5496458333333333 0.6476296296296297 0.014713541666666666 0.023935185185185188
0 0.5274166666666666 0.6518055555555556 0.01721875 0.02672222222222222