0 0.7181875000000001 0.6394907407407407 0.06444791666666655 0.10170370370370363
0 0.46234375 0.6461759259259259 0.06801562499999995 0.10161111111111112
0 0.31251562499999996 0.5611296296296296 0.05830729166666669 0.0963333333333333
0 0.5090885416666667 0.3396111111111111 0.038156249999999996 0.053722222222222206
0 0.3996614583333333 0.26721296296296293 0.030880208333333315 0.049240740740740696
0 0.2961822916666667 0.27666666666666667 0.03263541666666671 0.045925925925925946
0 0.351953125 0.1779814814814815 0.01693229166666666 0.02634259259259258
0 0.29569270833333333 0.17084259259259257 0.017984374999999986 0.021314814814814797
0 0.2976197916666667 0.22302777777777777 0.02663541666666672 0.036787037037037056
0 0.5785 0.5371296296296296 0.010942708333333447 0.06313888888888894
0 0.3850520833333333 0.4708981481481482 0.01334895833333339 0.05027777777777779
0 0.42042708333333334 0.3792592592592593 0.010916666666666686 0.037888888888888854
0 0.3133333333333333 0.15105555555555555 0.005546875000000047 0.0187685185185185
0 0.2671197916666666 0.14889814814814814 0.005390624999999982 0.017972222222222247
0 0.33771875 0.14408333333333334 0.00579166666666661 0.01433333333333335