0 0.6044270833333333 0.9004629629629629 0.11302083333333333 0.18425925925925926
0 0.371875 0.9112685185185185 0.10729166666666666 0.1626574074074074
0 0.7057291666666666 0.4513888888888889 0.05381770833333333 0.08796296296296297
0 0.62109375 0.35725 0.0546875 0.0941388888888889
0 0.540796875 0.3549351851851852 0.045140625000000004 0.08025
0 0.408421875 0.4591018518518518 0.05816145833333333 0.08796296296296297
0 0.7189374999999999 0.19999074074074075 0.023682291666666667 0.04511111111111111
0 0.6718541666666666 0.21953703703703703 0.03327083333333333 0.05212962962962963
0 0.6075729166666667 0.23457407407407407 0.029885416666666668 0.040101851851851854
0 0.6910260416666667 0.1298148148148148 0.023119791666666667 0.04511111111111111
0 0.7217552083333333 0.12730555555555556 0.023682291666666667 0.05012037037037037
0 0.636609375 0.13232407407407407 0.019171875 0.030074074074074073