0 0.6244791666666667 0.8665092592592593 0.10729166666666666 0.17437962962962963
0 0.33663020833333335 0.6925925925925925 0.126734375 0.21481481481481482
0 0.10720312500000001 0.8611111111111112 0.09288020833333334 0.18210185185185185
0 0.6753489583333334 0.5362685185185185 0.0625 0.11265740740740741
0 0.7006718749999999 0.4128981481481482 0.04796354166666667 0.07507407407407407
0 0.59953125 0.2854537037037037 0.036494791666666665 0.05561111111111111
0 0.52471875 0.27479629629629626 0.031802083333333335 0.05282407407407407
0 0.7116197916666667 0.33040740740740737 0.04170833333333333 0.04912037037037037
0 0.6623541666666667 0.25116666666666665 0.048484375 0.076
0 0.7204791666666667 0.24467592592592594 0.046921875 0.076
0 0.594578125 0.18628703703703703 0.028671875 0.025953703703703705
0 0.6416354166666667 0.186 0.019947916666666666 0.02850925925925926
0 0.61865625 0.16252777777777777 0.01896875 0.024685185185185185
0 0.7462395833333333 0.14555555555555555 0.017354166666666667 0.02139814814814815
0 0.663109375 0.14082407407407407 0.017354166666666667 0.030851851851851853
0 0.6415572916666666 0.15575925925925926 0.005598958333333333 0.013935185185185186
0 0.7455625 0.11573148148148148 0.019187500000000003 0.03492592592592592
0 0.6482552083333334 0.12304629629629628 0.014619791666666666 0.023555555555555555
0 0.6988020833333334 0.10525925925925926 0.01769270833333333 0.027898148148148148
0 0.66028125 0.10374074074074074 0.011984375 0.013694444444444443