0 0.2840260416666667 0.84275 0.09618229166666666 0.1700648148148148
0 0.7005208333333334 0.5393518518518519 0.064234375 0.10648148148148148
0 0.7026927083333334 0.4220648148148148 0.04774479166666667 0.07252777777777777
0 0.619359375 0.41358333333333336 0.05121354166666667 0.08025
0 0.5017343750000001 0.3194444444444444 0.045140625000000004 0.06789814814814815
0 0.7169739583333333 0.26325 0.032442708333333334 0.03872222222222222
0 0.6242812499999999 0.27272222222222225 0.032442708333333334 0.049435185185185186
0 0.5563854166666666 0.2438796296296296 0.03105208333333333 0.04119444444444444
0 0.5802552083333333 0.2018611111111111 0.025026041666666665 0.03460185185185185
0 0.6210364583333334 0.2253425925925926 0.026880208333333332 0.03707407407407407
0 0.67503125 0.21916666666666665 0.02734375 0.03295370370370371
0 0.7239270833333333 0.2014537037037037 0.023171875 0.030481481481481484
0 0.6567239583333334 0.15366666666666667 0.018536458333333335 0.03212962962962963
0 0.6145520833333333 0.16601851851851854 0.020390625 0.028833333333333332
0 0.6803645833333333 0.18374074074074073 0.024098958333333333 0.03625
0 0.5726093750000001 0.4004351851851852 0.017145833333333336 0.049435185185185186
0 0.7341145833333333 0.1556759259259259 0.01736979166666667 0.022129629629629628
0 0.628890625 0.14563888888888887 0.01534375 0.021611111111111112
0 0.698421875 0.10807407407407407 0.019661458333333333 0.03352777777777778
0 0.7229010416666667 0.13755555555555557 0.014848958333333334 0.01925925925925926
0 0.7399479166666667 0.12764814814814815 0.011427083333333334 0.017611111111111112