0 0.2818125 0.6394907407407407 0.06444791666666666 0.10170370370370371
0 0.53765625 0.6461759259259259 0.068015625 0.10161111111111111
0 0.687484375 0.5611296296296296 0.05830729166666667 0.09633333333333334
0 0.49091145833333333 0.3396111111111111 0.03815625 0.05372222222222223
0 0.6003385416666667 0.26721296296296293 0.030880208333333332 0.04924074074074074
0 0.7038177083333333 0.27666666666666667 0.03263541666666667 0.045925925925925926
0 0.648046875 0.1779814814814815 0.016932291666666665 0.02634259259259259
0 0.7043072916666666 0.17084259259259257 0.017984375 0.021314814814814814
0 0.7023802083333333 0.22302777777777777 0.02663541666666667 0.036787037037037035
0 0.4215 0.5371296296296296 0.010942708333333334 0.06313888888888888
0 0.6149479166666667 0.4708981481481481 0.013348958333333332 0.050277777777777775
0 0.5795729166666667 0.3792592592592593 0.010916666666666667 0.03788888888888889
0 0.6866666666666668 0.15105555555555555 0.005546875000000001 0.018768518518518518
0 0.7328802083333333 0.14889814814814814 0.005390625 0.017972222222222223
0 0.6622812499999999 0.14408333333333334 0.005791666666666666 0.014333333333333333