0 0.6614583333333334 0.7935185185185185 0.14166666666666666 0.2222222222222222
0 0.5021718749999999 0.7129629629629629 0.07552083333333333 0.1388888888888889
0 0.2643229166666667 0.8865740740740741 0.09635416666666667 0.19289814814814815
0 0.14886979166666667 0.8094166666666667 0.09288020833333334 0.1774722222222222
0 0.4505208333333333 0.3966018518518518 0.052083333333333336 0.07715740740740741
0 0.7061614583333333 0.36574074074074076 0.04600520833333333 0.07715740740740741
0 0.642796875 0.2955277777777778 0.03211979166666667 0.05400925925925926
0 0.726796875 0.2597685185185185 0.030906250000000003 0.05494444444444445
0 0.7289687499999999 0.20916666666666667 0.024395833333333335 0.03662962962962963
0 0.670953125 0.22892592592592592 0.028734375 0.039518518518518515
0 0.6067031249999999 0.2390462962962963 0.043375000000000004 0.07711111111111112
0 0.5608906250000001 0.23808333333333334 0.024395833333333335 0.05012037037037037
0 0.6823385416666666 0.17831481481481481 0.024395833333333335 0.04048148148148148
0 0.723546875 0.1614537037037037 0.022229166666666668 0.03373148148148148
0 0.6468281250000001 0.21350000000000002 0.009760416666666666 0.022166666666666668
0 0.6370677083333334 0.1335 0.015182291666666665 0.024092592592592593
0 0.6652604166666667 0.13687037037037036 0.016265625 0.028916666666666667