0 0.7726354166666667 0.7263518518518519 0.0736510416666666 0.1224537037037037
0 0.6485260416666667 0.736 0.06666145833333322 0.10934259259259252
0 0.5283177083333334 0.4415462962962963 0.04145312499999996 0.06210185185185179
0 0.4415260416666667 0.38365740740740745 0.03274479166666661 0.0481759259259259
0 0.38706770833333337 0.36822222222222223 0.026213541666666628 0.04508333333333328
0 0.452578125 0.29150925925925925 0.0273802083333333 0.039796296296296316
0 0.42666145833333335 0.27496296296296296 0.019192708333333287 0.025240740740740734
0 0.39814583333333337 0.2520277777777778 0.01769270833333335 0.02699074074074072
0 0.4241822916666667 0.23549074074074078 0.014229166666666633 0.017712962962962986
0 0.44191145833333334 0.21961111111111112 0.013000000000000018 0.022999999999999975
0 0.3750833333333334 0.2881944444444444 0.008265624999999943 0.01995370370370366