0 0.23502604166666666 0.7224537037037037 0.05897395833333333 0.12199074074074075
0 0.37647395833333336 0.4751481481481481 0.037328125000000004 0.06697222222222222
0 0.5089895833333333 0.3662222222222222 0.026218750000000002 0.04750925925925926
0 0.4809635416666667 0.33117592592592593 0.02221875 0.035583333333333335
0 0.580515625 0.26870370370370367 0.021447916666666667 0.03185185185185185
0 0.6159531250000001 0.26195370370370374 0.01699479166666667 0.025444444444444443
0 0.5576458333333334 0.22118518518518518 0.013286458333333334 0.022481481481481484
0 0.6086614583333334 0.22335185185185186 0.014473958333333333 0.024064814814814813
0 0.6358645833333333 0.23767592592592593 0.012348958333333333 0.017944444444444443
0 0.6198593750000001 0.20944444444444443 0.010546875 0.01887962962962963
0 0.6394947916666667 0.2054074074074074 0.01128125 0.014518518518518517
0 0.5785625 0.19266666666666668 0.011291666666666667 0.02051851851851852
0 0.5958177083333334 0.19567592592592595 0.01559375 0.026537037037037036
0 0.6332447916666666 0.18762037037037035 0.009197916666666667 0.014138888888888888