0 0.22736458333333334 0.7263518518518519 0.07365104166666667 0.1224537037037037
0 0.35147395833333334 0.736 0.06666145833333333 0.1093425925925926
0 0.47168229166666664 0.4415462962962963 0.041453125 0.062101851851851846
0 0.5584739583333334 0.38365740740740745 0.03274479166666667 0.04817592592592593
0 0.6129322916666666 0.36822222222222223 0.026213541666666666 0.04508333333333333
0 0.547421875 0.29150925925925925 0.027380208333333333 0.039796296296296295
0 0.5733385416666666 0.27496296296296296 0.019192708333333332 0.02524074074074074
0 0.6018541666666667 0.2520277777777778 0.01769270833333333 0.02699074074074074
0 0.5758177083333333 0.23549074074074075 0.014229166666666666 0.01771296296296296
0 0.5580885416666667 0.21961111111111112 0.013000000000000001 0.023
0 0.6249166666666667 0.2881944444444444 0.008265625 0.019953703703703703