0 0.59296875 0.8481481481481481 0.09427083333333333 0.17407407407407408
0 0.611546875 0.5007685185185186 0.033854166666666664 0.06018518518518518
0 0.5182291666666666 0.5416666666666666 0.048609374999999996 0.07407407407407407
0 0.6909739583333334 0.3819444444444444 0.041666666666666664 0.06944444444444445
0 0.6444947916666667 0.31507407407407406 0.016567708333333334 0.02700925925925926
0 0.6691666666666667 0.3305925925925926 0.016635416666666666 0.027324074074074077
0 0.7101197916666667 0.2888055555555556 0.017177083333333332 0.02603703703703704
0 0.7048749999999999 0.23464814814814813 0.009942708333333333 0.0135
0 0.69140625 0.23657407407407408 0.009041666666666667 0.012861111111111111
0 0.6838125 0.24911111111111112 0.013015625 0.015425925925925926
0 0.7211458333333333 0.2696851851851852 0.008135416666666666 0.0225