0 0.2559895833333333 0.8513888888888889 0.1453125 0.2861111111111111
0 0.40711979166666673 0.507712962962963 0.036458333333333336 0.06173148148148155
0 0.3059895833333333 0.3888888888888889 0.042536458333333374 0.06789814814814818
0 0.29127604166666665 0.3111759259259259 0.018666666666666623 0.025055555555555505
0 0.33317708333333335 0.3592592592592593 0.021713541666666693 0.03318518518518521
0 0.28708333333333336 0.2718981481481481 0.021713541666666693 0.0386018518518519
0 0.2608020833333333 0.2383796296296296 0.02095312500000001 0.04875925925925923
0 0.3042291666666666 0.25599074074074074 0.010286458333333333 0.020314814814814865
0 0.33375 0.28205555555555556 0.016000000000000014 0.018287037037037036
0 0.3145104166666666 0.24514814814814814 0.010286458333333333 0.014898148148148178
0 0.28175520833333334 0.2434537037037037 0.014854166666666658 0.018287037037037036
0 0.3055625 0.22483333333333333 0.011427083333333362 0.014898148148148126
0 0.28921354166666663 0.21628703703703703 0.009776041666666657 0.016712962962962975