0 0.7440104166666667 0.8513888888888889 0.1453125 0.2861111111111111
0 0.5928802083333333 0.507712962962963 0.036458333333333336 0.061731481481481484
0 0.6940104166666666 0.3888888888888889 0.04253645833333333 0.06789814814814815
0 0.7087239583333333 0.3111759259259259 0.018666666666666668 0.025055555555555553
0 0.6668229166666666 0.3592592592592593 0.021713541666666666 0.033185185185185186
0 0.7129166666666666 0.2718981481481481 0.021713541666666666 0.03860185185185185
0 0.7391979166666667 0.2383796296296296 0.020953125 0.04875925925925926
0 0.6957708333333333 0.25599074074074074 0.010286458333333333 0.020314814814814817
0 0.66625 0.28205555555555556 0.016 0.018287037037037036
0 0.6854895833333334 0.24514814814814814 0.010286458333333333 0.014898148148148148
0 0.7182447916666667 0.2434537037037037 0.014854166666666667 0.018287037037037036
0 0.6944374999999999 0.22483333333333333 0.011427083333333334 0.014898148148148148
0 0.7107864583333333 0.21628703703703703 0.009776041666666667 0.016712962962962964