0 0.40703125 0.8481481481481481 0.09427083333333333 0.17407407407407408
0 0.38845312499999995 0.5007685185185186 0.033854166666666664 0.06018518518518518
0 0.4817708333333333 0.5416666666666666 0.04860937499999996 0.07407407407407407
0 0.30902604166666664 0.3819444444444444 0.041666666666666664 0.06944444444444445
0 0.3555052083333333 0.31507407407407406 0.016567708333333306 0.027009259259259222
0 0.33083333333333337 0.3305925925925926 0.016635416666666694 0.027324074074074067
0 0.2898802083333333 0.2888055555555556 0.017177083333333343 0.026037037037037043
0 0.295125 0.23464814814814813 0.009942708333333291 0.013499999999999986
0 0.30859375 0.23657407407407408 0.009041666666666615 0.0128611111111111
0 0.31618749999999995 0.24911111111111112 0.013015625000000005 0.015425925925925897
0 0.27885416666666674 0.2696851851851852 0.00813541666666661 0.022499999999999958