0 0.3400989583333333 0.89025 0.11465104166666666 0.2195
0 0.5051822916666667 0.5516111111111112 0.07398958333333333 0.1237037037037037
0 0.630640625 0.3152592592592593 0.04573958333333333 0.07321296296296295
0 0.707140625 0.2735740740740741 0.03623958333333333 0.052814814814814814
0 0.7679375 0.25525925925925924 0.0491875 0.08507407407407407
0 0.7291666666666666 0.20855555555555558 0.026505208333333332 0.04644444444444444
0 0.6939947916666667 0.20827777777777778 0.026796875 0.03786111111111111
0 0.7727187499999999 0.17425925925925925 0.02003125 0.02702777777777778
0 0.744359375 0.16090740740740742 0.0067239583333333335 0.022481481481481484
0 0.7781770833333332 0.1481388888888889 0.015979166666666666 0.027101851851851853
0 0.7600885416666666 0.13949999999999999 0.013729166666666666 0.019592592592592592
0 0.7440520833333333 0.13207407407407407 0.012588541666666668 0.018935185185185183
0 0.7655260416666666 0.12703703703703703 0.011130208333333334 0.015953703703703703
0 0.7841770833333332 0.12648148148148147 0.013010416666666667 0.021935185185185186
0 0.7570833333333333 0.11394444444444445 0.010718749999999999 0.013722222222222222
0 0.7697708333333334 0.11669444444444445 0.011145833333333332 0.013898148148148147
0 0.7789427083333333 0.08935185185185185 0.008531249999999999 0.011527777777777777