0 0.5156302083333333 0.5531296296296296 0.07180208333333334 0.1172962962962963
0 0.6119479166666667 0.5951203703703704 0.07427604166666667 0.1265185185185185
0 0.7354114583333333 0.5166851851851851 0.06339062499999999 0.10780555555555556
0 0.676578125 0.35939814814814813 0.018859375 0.050018518518518525
0 0.7182916666666667 0.36489814814814814 0.018182291666666666 0.05289814814814815
0 0.6552343749999999 0.290462962962963 0.03834895833333333 0.053564814814814815
0 0.7203385416666667 0.17766666666666667 0.023104166666666665 0.03362962962962963
0 0.7468541666666667 0.15956481481481483 0.01775 0.034416666666666665
0 0.7378229166666667 0.13689814814814813 0.013901041666666667 0.01887037037037037
0 0.7832239583333334 0.1379351851851852 0.014343749999999999 0.01913888888888889
0 0.7567239583333334 0.14633333333333332 0.013125 0.0215
0 0.7471770833333333 0.12874074074074074 0.011802083333333333 0.017907407407407407
0 0.7629583333333334 0.13162962962962962 0.014942708333333334 0.025472222222222222
0 0.7871302083333334 0.09956481481481481 0.013442708333333333 0.02259259259259259
0 0.7566927083333332 0.11513888888888889 0.009791666666666667 0.014194444444444445
0 0.776421875 0.09949999999999999 0.009161458333333334 0.014018518518518519