0 0.6599010416666666 0.89025 0.11465104166666672 0.21949999999999995
0 0.49481770833333333 0.5516111111111112 0.0739895833333333 0.12370370370370362
0 0.36935937500000005 0.3152592592592593 0.0457395833333333 0.07321296296296291
0 0.292859375 0.2735740740740741 0.0362395833333333 0.05281481481481478
0 0.23206249999999998 0.25525925925925924 0.04918750000000003 0.08507407407407407
0 0.2708333333333333 0.20855555555555558 0.026505208333333356 0.04644444444444441
0 0.30600520833333333 0.20827777777777778 0.026796875000000022 0.037861111111111095
0 0.22728125000000005 0.17425925925925925 0.020031250000000018 0.027027777777777776
0 0.25564062499999995 0.16090740740740742 0.006723958333333317 0.02248148148148151
0 0.2218229166666667 0.1481388888888889 0.01597916666666664 0.027101851851851835
0 0.23991145833333338 0.13949999999999999 0.013729166666666674 0.019592592592592616
0 0.2559479166666667 0.13207407407407407 0.012588541666666645 0.018935185185185173
0 0.23447395833333337 0.12703703703703703 0.011130208333333336 0.01595370370370372
0 0.21582291666666673 0.12648148148148147 0.013010416666666675 0.021935185185185183
0 0.24291666666666673 0.11394444444444445 0.010718750000000022 0.013722222222222216
0 0.23022916666666665 0.11669444444444445 0.011145833333333322 0.01389814814814814
0 0.2210572916666667 0.08935185185185185 0.008531249999999997 0.011527777777777767