0 0.44840104166666667 0.9559907407407408 0.12708854166666667 0.08801851851851852
0 0.5930520833333334 0.5970277777777777 0.06978124999999999 0.1368611111111111
0 0.5291041666666667 0.4972870370370371 0.062328125 0.09827777777777778
0 0.7147604166666667 0.6150925925925925 0.07446875 0.12991666666666668
0 0.7450625 0.41531481481481486 0.06381770833333333 0.10168518518518518
0 0.6839322916666667 0.35108333333333336 0.04346354166666667 0.07317592592592592
0 0.61546875 0.3415185185185185 0.045494791666666666 0.06545370370370371
0 0.6605104166666667 0.25508333333333333 0.03183854166666667 0.0435462962962963
0 0.7111041666666666 0.2751388888888889 0.033901041666666666 0.05173148148148148
0 0.7264270833333334 0.22258333333333333 0.02825 0.03582407407407407
0 0.70425 0.1915648148148148 0.02509375 0.03542592592592592
0 0.7405 0.19501851851851854 0.023755208333333333 0.035805555555555556
0 0.7673385416666666 0.1960648148148148 0.024005208333333337 0.02847222222222222
0 0.7143385416666667 0.17166666666666666 0.020796875 0.02825925925925926
0 0.7309583333333334 0.14987962962962964 0.015692708333333333 0.02238888888888889
0 0.7445208333333333 0.16904629629629628 0.0184375 0.02664814814814815
0 0.7625572916666666 0.13741666666666666 0.011989583333333333 0.018509259259259257
0 0.7864010416666667 0.27199074074074076 0.011135416666666667 0.03601851851851852
0 0.7738437499999999 0.17719444444444446 0.019479166666666665 0.02988888888888889