0 0.5515989583333334 0.9559907407407408 0.12708854166666672 0.08801851851851847
0 0.40694791666666663 0.5970277777777777 0.06978125 0.13686111111111107
0 0.47089583333333335 0.4972870370370371 0.06232812500000004 0.09827777777777781
0 0.2852395833333334 0.6150925925925925 0.07446875000000001 0.12991666666666662
0 0.2549375 0.41531481481481486 0.06381770833333332 0.10168518518518523
0 0.3160677083333333 0.35108333333333336 0.04346354166666669 0.0731759259259259
0 0.38453125 0.3415185185185185 0.04549479166666662 0.06545370370370365
0 0.3394895833333333 0.25508333333333333 0.03183854166666673 0.04354629629629627
0 0.28889583333333335 0.2751388888888889 0.033901041666666624 0.05173148148148148
0 0.27357291666666667 0.22258333333333333 0.028250000000000004 0.0358240740740741
0 0.29574999999999996 0.1915648148148148 0.025093750000000033 0.035425925925925916
0 0.2595 0.19501851851851854 0.023755208333333312 0.03580555555555557
0 0.23266145833333335 0.1960648148148148 0.02400520833333335 0.02847222222222222
0 0.28566145833333334 0.17166666666666666 0.020796875000000034 0.02825925925925924
0 0.2690416666666666 0.14987962962962964 0.01569270833333336 0.022388888888888896
0 0.25547916666666665 0.16904629629629628 0.01843749999999999 0.026648148148148122
0 0.2374427083333334 0.13741666666666666 0.011989583333333324 0.018509259259259267
0 0.21359895833333328 0.27199074074074076 0.011135416666666665 0.0360185185185185
0 0.22615625 0.17719444444444446 0.019479166666666655 0.029888888888888864