0 0.60590625 0.6159722222222223 0.07858333333333332 0.13158333333333336
0 0.5377552083333333 0.5107962962962963 0.06771875000000001 0.1065
0 0.7310364583333333 0.5559814814814815 0.07024999999999999 0.12138888888888888
0 0.6080729166666666 0.3640462962962963 0.049281250000000006 0.06887037037037036
0 0.6618958333333332 0.25766666666666665 0.032010416666666666 0.050305555555555555
0 0.7078385416666666 0.30163888888888885 0.03678125 0.05630555555555556
0 0.759640625 0.30407407407407405 0.04035416666666667 0.0636388888888889
0 0.772109375 0.2283888888888889 0.028473958333333334 0.046435185185185184
0 0.7361510416666667 0.1966574074074074 0.023104166666666665 0.036444444444444446
0 0.6992135416666667 0.1952222222222222 0.0239375 0.029518518518518517
0 0.7246614583333333 0.15403703703703706 0.017833333333333333 0.023185185185185184
0 0.7496510416666666 0.16092592592592594 0.01846354166666667 0.023851851851851853
0 0.7755624999999999 0.1735 0.018229166666666668 0.035527777777777776
0 0.762546875 0.13647222222222222 0.011807291666666667 0.023851851851851853
0 0.7410052083333334 0.1345462962962963 0.01171875 0.020287037037037037
0 0.7584427083333334 0.11166666666666666 0.008781249999999999 0.013083333333333334
0 0.7495364583333333 0.12284259259259259 0.008838541666666666 0.011907407407407406
0 0.7686666666666666 0.0880462962962963 0.007067708333333334 0.009953703703703704