0 0.307015625 0.9305555555555556 0.097359375 0.1388888888888889
0 0.7224322916666667 0.5746296296296296 0.06465625 0.09925925925925926
0 0.5831979166666666 0.40746296296296297 0.04868229166666667 0.07789814814814815
0 0.6972083333333334 0.3155833333333333 0.03386979166666667 0.058527777777777776
0 0.751875 0.3364259259259259 0.037083333333333336 0.05987962962962963
0 0.7701614583333334 0.2393425925925926 0.027984375 0.05006481481481481
0 0.7180208333333333 0.24245370370370373 0.030838541666666667 0.040462962962962964
0 0.7041666666666667 0.19024074074074074 0.021875 0.02862962962962963
0 0.7363072916666666 0.1881851851851852 0.018442708333333332 0.033777777777777775
0 0.7135520833333333 0.16487037037037036 0.021901041666666666 0.016787037037037038
0 0.7456458333333333 0.15986111111111112 0.017333333333333333 0.019731481481481482
0 0.7775104166666666 0.1616203703703704 0.016479166666666666 0.019546296296296294
0 0.7808437500000001 0.13414814814814816 0.020244791666666664 0.0349537037037037
0 0.7268177083333334 0.14878703703703702 0.016927083333333332 0.016083333333333335
0 0.73784375 0.13914814814814816 0.014229166666666666 0.01349074074074074