0 0.3561510416666666 0.6212037037037037 0.07320312499999998 0.11225000000000002
0 0.2085260416666666 0.5616666666666666 0.04441666666666665 0.09963888888888879
0 0.554546875 0.40887037037037033 0.046229166666666724 0.05910185185185189
0 0.6559375000000001 0.30648148148148147 0.03070833333333335 0.0433703703703704
0 0.6374427083333333 0.28744444444444445 0.024020833333333276 0.03543518518518517
0 0.6195885416666668 0.2659444444444445 0.023875000000000077 0.03879629629629627
0 0.6729479166666666 0.2622407407407408 0.021859374999999896 0.029074074074074054
0 0.7196874999999999 0.250962962962963 0.019937500000000104 0.025037037037037004
0 0.6936041666666667 0.2421666666666667 0.018416666666666734 0.029370370370370397
0 0.6685104166666667 0.23569444444444446 0.017822916666666563 0.02801851851851851
0 0.7267604166666667 0.2225277777777778 0.015953125000000058 0.018453703703703712
0 0.7447239583333333 0.2254537037037037 0.014848958333333447 0.018500000000000016
0 0.742171875 0.2107037037037037 0.012338541666666696 0.014805555555555563
0 0.7357864583333333 0.19837962962962963 0.015317708333333258 0.026277777777777775
0 0.76996875 0.20744444444444443 0.013166666666666771 0.015675925925925933
0 0.7589218750000001 0.2 0.011489583333333305 0.015333333333333336
0 0.777234375 0.1986111111111111 0.008598958333333446 0.011268518518518534