0 0.603765625 0.5687685185185185 0.06604166666666667 0.0924537037037037
0 0.6693177083333333 0.5913518518518518 0.023015624999999998 0.06549074074074074
0 0.7638854166666668 0.6307592592592592 0.060848958333333335 0.10824074074074075
0 0.3876614583333333 0.3542592592592593 0.035895833333333335 0.044675925925925924
0 0.39552604166666666 0.31113888888888885 0.028828125 0.04236111111111111
0 0.38551562500000003 0.27599999999999997 0.02440625 0.04249074074074074
0 0.2908541666666667 0.24000925925925923 0.006067708333333334 0.01952777777777778
0 0.2697760416666667 0.23446296296296296 0.01796354166666667 0.020953703703703704
0 0.28191666666666665 0.20789814814814814 0.015322916666666667 0.02289814814814815
0 0.27027604166666663 0.21708333333333332 0.014750000000000001 0.017592592592592594
0 0.2595677083333333 0.22330555555555553 0.005880208333333333 0.01573148148148148
0 0.24774479166666669 0.1910925925925926 0.010010416666666666 0.01587037037037037
0 0.25191145833333334 0.2175925925925926 0.004880208333333333 0.013046296296296295
0 0.24488541666666666 0.20089814814814816 0.010911458333333334 0.01574074074074074
0 0.225 0.1844722222222222 0.008916666666666666 0.011175925925925926
0 0.22125 0.17496296296296296 0.007317708333333334 0.009648148148148149