0 0.6438489583333333 0.6212037037037037 0.07320312500000001 0.11225
0 0.7914739583333333 0.5616666666666666 0.04441666666666667 0.09963888888888889
0 0.445453125 0.40887037037037033 0.04622916666666667 0.05910185185185185
0 0.3440625 0.30648148148148147 0.030708333333333334 0.04337037037037037
0 0.36255729166666667 0.28744444444444445 0.02402083333333333 0.03543518518518519
0 0.38041145833333334 0.2659444444444445 0.023875 0.038796296296296294
0 0.32705208333333335 0.2622407407407408 0.021859375 0.02907407407407407
0 0.2803125 0.250962962962963 0.0199375 0.025037037037037035
0 0.3063958333333333 0.2421666666666667 0.018416666666666668 0.02937037037037037
0 0.33148958333333334 0.23569444444444446 0.017822916666666667 0.02801851851851852
0 0.2732395833333333 0.2225277777777778 0.015953125 0.018453703703703705
0 0.2552760416666667 0.2254537037037037 0.014848958333333334 0.0185
0 0.25782812499999996 0.2107037037037037 0.012338541666666668 0.014805555555555556
0 0.26421354166666666 0.19837962962962963 0.015317708333333334 0.02627777777777778
0 0.23003125000000002 0.20744444444444443 0.013166666666666667 0.015675925925925926
0 0.241078125 0.2 0.011489583333333333 0.015333333333333332
0 0.222765625 0.1986111111111111 0.008598958333333333 0.011268518518518518