0 0.39623437499999997 0.5687685185185185 0.06604166666666664 0.09245370370370362
0 0.3306822916666667 0.5913518518518518 0.02301562500000003 0.06549074074074075
0 0.2361145833333333 0.6307592592592592 0.060848958333333356 0.10824074074074083
0 0.6123385416666667 0.3542592592592593 0.03589583333333337 0.044675925925925924
0 0.6044739583333334 0.31113888888888885 0.02882812499999995 0.04236111111111111
0 0.614484375 0.27599999999999997 0.024406250000000067 0.042490740740740725
0 0.7091458333333333 0.24000925925925923 0.006067708333333381 0.01952777777777778
0 0.7302239583333333 0.23446296296296298 0.01796354166666655 0.020953703703703724
0 0.7180833333333333 0.20789814814814814 0.015322916666666705 0.022898148148148164
0 0.7297239583333334 0.21708333333333332 0.014750000000000086 0.017592592592592594
0 0.7404322916666667 0.22330555555555553 0.0058802083333333146 0.01573148148148149
0 0.7522552083333333 0.1910925925925926 0.010010416666666562 0.015870370370370358
0 0.7480885416666666 0.2175925925925926 0.004880208333333276 0.013046296296296273
0 0.7551145833333333 0.20089814814814816 0.010911458333333238 0.01574074074074074
0 0.775 0.1844722222222222 0.00891666666666661 0.011175925925925919
0 0.77875 0.17496296296296296 0.007317708333333428 0.009648148148148163