0 0.27157812499999995 0.6095185185185185 0.04199479166666666 0.06608333333333334
0 0.3058125 0.442462962962963 0.0336875 0.04884259259259259
0 0.333296875 0.3368055555555556 0.025 0.03506481481481481
0 0.33310416666666665 0.29700925925925925 0.022302083333333333 0.025435185185185186
0 0.31179166666666663 0.2616759259259259 0.016328125000000002 0.02198148148148148
0 0.24303645833333334 0.25087037037037035 0.011145833333333332 0.013407407407407408
0 0.6039114583333334 0.6619444444444444 0.03150520833333333 0.05160185185185185
0 0.62628125 0.47226851851851853 0.023786458333333333 0.03164814814814815
0 0.864984375 0.326037037037037 0.02549479166666667 0.07318518518518519
0 0.7840885416666666 0.3605185185185185 0.020723958333333334 0.03534259259259259
0 0.7710729166666667 0.3418703703703704 0.017838541666666666 0.02736111111111111
0 0.8479687499999999 0.3093240740740741 0.006697916666666666 0.021425925925925928
0 0.9606041666666666 0.25557407407407406 0.013802083333333333 0.02297222222222222
0 0.9427395833333333 0.24708333333333335 0.015395833333333333 0.01937037037037037