0 0.59190625 0.6681759259259259 0.026213541666666666 0.05034259259259259
0 0.4789114583333333 0.6600185185185186 0.026989583333333334 0.04543518518518518
0 0.57496875 0.6121481481481481 0.025645833333333333 0.04323148148148148
0 0.6168958333333333 0.5713518518518518 0.009833333333333333 0.024194444444444442
0 0.3139427083333333 0.4041018518518519 0.025828125 0.045342592592592594
0 0.15706770833333333 0.9578703703703704 0.053723958333333335 0.08425925925925926
0 0.46680208333333334 0.6179629629629629 0.025046875000000003 0.04547222222222222
0 0.4870677083333333 0.7184074074074074 0.025249999999999998 0.044148148148148145
0 0.5605416666666667 0.578425925925926 0.024223958333333333 0.042611111111111113
0 0.6193385416666667 0.5140555555555555 0.02264583333333333 0.040546296296296296
0 0.5318802083333334 0.5566296296296296 0.024687499999999998 0.040796296296296296
0 0.5865364583333333 0.50025 0.02411458333333333 0.032388888888888884
0 0.8791197916666668 0.34976851851851853 0.021140625000000003 0.0495
0 0.8030625 0.31689814814814815 0.014703125000000001 0.024675925925925924
0 0.8331666666666667 0.3211296296296296 0.015192708333333334 0.024287037037037038
0 0.7446875 0.39087037037037037 0.018541666666666668 0.027083333333333334
0 0.75846875 0.3495648148148148 0.019036458333333332 0.033018518518518516
0 0.866640625 0.3018240740740741 0.013489583333333333 0.02175
0 0.9090364583333332 0.3026759259259259 0.015098958333333332 0.020333333333333335
0 0.32916666666666666 0.33023148148148146 0.022921874999999998 0.04379629629629629
0 0.32508333333333334 0.2725185185185185 0.015791666666666666 0.022814814814814816
0 0.3151041666666667 0.25973148148148145 0.017708333333333333 0.021305555555555557
0 0.2950052083333333 0.24821296296296297 0.01396875 0.024194444444444442