0 0.3168229166666666 0.40653703703703703 0.03955729166666667 0.05505555555555556
0 0.29634375 0.25325 0.013177083333333334 0.016999999999999998
0 0.5917760416666666 0.5380555555555556 0.029041666666666667 0.04030555555555556
0 0.5575 0.6437962962962962 0.014994791666666667 0.03882407407407407
0 0.75378125 0.3831296296296296 0.023192708333333333 0.03353703703703704
0 0.7999583333333333 0.4399351851851852 0.023177083333333334 0.04468518518518518
0 0.8054635416666667 0.35050000000000003 0.027588541666666667 0.07489814814814814
0 0.8877864583333334 0.3577685185185185 0.021604166666666664 0.02947222222222222
0 0.9226927083333333 0.32126851851851856 0.018244791666666666 0.023055555555555555
0 0.894296875 0.28797222222222224 0.017515625 0.02524074074074074
0 0.902359375 0.2671296296296296 0.015776041666666667 0.01751851851851852
0 0.9574843749999999 0.2980092592592593 0.014421875 0.025472222222222222
0 0.94428125 0.25842592592592595 0.003640625 0.013768518518518518
0 0.23174999999999998 0.25013888888888886 0.011609375 0.013064814814814814
0 0.5513958333333334 0.7353796296296297 0.021942708333333335 0.038657407407407404