0 0.40809375 0.6681759259259259 0.026213541666666628 0.050342592592592494
0 0.5210885416666666 0.6600185185185186 0.02698958333333336 0.04543518518518513
0 0.42503124999999997 0.6121481481481481 0.025645833333333336 0.04323148148148153
0 0.38310416666666663 0.5713518518518518 0.00983333333333339 0.024194444444444546
0 0.6860572916666666 0.4041018518518519 0.025828125000000077 0.045342592592592615
0 0.8429322916666667 0.9578703703703704 0.053723958333333384 0.08425925925925926
0 0.5331979166666667 0.6179629629629629 0.025046875000000017 0.04547222222222213
0 0.5129322916666667 0.7184074074074074 0.02525000000000001 0.04414814814814821
0 0.43945833333333334 0.578425925925926 0.02422395833333333 0.04261111111111109
0 0.38066145833333326 0.5140555555555555 0.022645833333333344 0.04054629629629626
0 0.4681197916666667 0.5566296296296296 0.024687500000000046 0.04079629629629625
0 0.4134635416666666 0.50025 0.02411458333333331 0.032388888888888905
0 0.1208802083333333 0.34976851851851853 0.021140625000000017 0.04950000000000004
0 0.19693749999999993 0.31689814814814815 0.01470312500000001 0.024675925925925903
0 0.1668333333333333 0.3211296296296296 0.015192708333333312 0.024287037037037055
0 0.2553125 0.39087037037037037 0.01854166666666668 0.027083333333333334
0 0.24153125 0.3495648148148148 0.019036458333333308 0.03301851851851849
0 0.13335937499999997 0.3018240740740741 0.013489583333333322 0.02175000000000001
0 0.09096354166666672 0.3026759259259259 0.015098958333333337 0.020333333333333366
0 0.6708333333333333 0.33023148148148146 0.022921875000000112 0.04379629629629626
0 0.6749166666666667 0.2725185185185185 0.015791666666666752 0.0228148148148148
0 0.6848958333333334 0.25973148148148145 0.017708333333333333 0.021305555555555546
0 0.7049947916666668 0.24821296296296297 0.013968750000000085 0.02419444444444444