0 0.7284218750000001 0.6095185185185185 0.041994791666666725 0.06608333333333323
0 0.6941875000000001 0.442462962962963 0.03368749999999991 0.04884259259259259
0 0.6667031250000001 0.3368055555555556 0.025 0.03506481481481482
0 0.6668958333333334 0.29700925925925925 0.02230208333333342 0.02543518518518521
0 0.6882083333333334 0.2616759259259259 0.016328124999999954 0.02198148148148149
0 0.7569635416666666 0.25087037037037035 0.01114583333333338 0.013407407407407423
0 0.3960885416666667 0.6619444444444444 0.03150520833333334 0.05160185185185187
0 0.37371875 0.47226851851851853 0.02378645833333337 0.0316481481481481
0 0.135015625 0.326037037037037 0.025494791666666676 0.07318518518518514
0 0.2159114583333333 0.3605185185185185 0.020723958333333313 0.03534259259259256
0 0.2289270833333333 0.3418703703703704 0.017838541666666666 0.02736111111111107
0 0.15203125000000003 0.3093240740740741 0.006697916666666674 0.021425925925925914
0 0.03939583333333339 0.25557407407407406 0.013802083333333333 0.02297222222222217
0 0.057260416666666696 0.24708333333333335 0.015395833333333334 0.019370370370370333