0 0.43432291666666667 0.9041388888888889 0.16768229166666665 0.1917222222222222
0 0.7290260416666666 0.7420277777777777 0.08209375000000001 0.13044444444444445
0 0.84975 0.5724907407407407 0.052708333333333336 0.08397222222222223
0 0.5765364583333333 0.48513888888888895 0.04663541666666667 0.06442592592592593
0 0.6790468749999999 0.3649907407407407 0.03765104166666667 0.05857407407407407
0 0.727234375 0.3643148148148148 0.029916666666666664 0.04282407407407408
0 0.7621718749999999 0.4202037037037037 0.036161458333333334 0.05383333333333334
0 0.8009895833333334 0.46657407407407403 0.042078125 0.05814814814814814
0 0.86590625 0.453212962962963 0.03888020833333334 0.06227777777777778
0 0.712234375 0.3521388888888889 0.014291666666666668 0.03317592592592592
0 0.7183333333333334 0.32578703703703704 0.011546875000000002 0.026675925925925926
0 0.7545052083333333 0.31467592592592597 0.02415625 0.032
0 0.796859375 0.3088611111111111 0.023682291666666667 0.03512037037037037
0 0.8670625 0.3416111111111111 0.027463541666666664 0.04555555555555556
0 0.861765625 0.2851574074074074 0.009682291666666667 0.026074074074074076
0 0.8007135416666666 0.2775648148148148 0.01921875 0.024648148148148148
0 0.7683229166666667 0.26599074074074075 0.018046875 0.03492592592592592
0 0.7397447916666666 0.2719537037037037 0.020072916666666666 0.0330925925925926
0 0.8160052083333333 0.25660185185185186 0.017723958333333335 0.028935185185185185
0 0.846328125 0.2447962962962963 0.0153125 0.020064814814814817
0 0.749734375 0.2265185185185185 0.013171875 0.0235
0 0.7719166666666666 0.23496296296296296 0.017296875 0.020435185185185185
0 0.7979739583333333 0.23557407407407407 0.01446875 0.020287037037037037
0 0.8132135416666666 0.2216574074074074 0.013614583333333334 0.023407407407407408
0 0.819921875 0.20958333333333332 0.011932291666666667 0.021268518518518516
0 0.8298906250000001 0.22587962962962962 0.006333333333333333 0.016712962962962964
0 0.7683333333333333 0.20879629629629629 0.013614583333333334 0.01626851851851852
0 0.7551614583333334 0.2145277777777778 0.012411458333333332 0.020833333333333332
0 0.7934479166666667 0.21748148148148147 0.019348958333333333 0.02537037037037037
0 0.8105156250000001 0.19312962962962965 0.013250000000000001 0.020694444444444446