0 0.30348437500000003 0.8916296296296297 0.10251041666666663 0.1680277777777777
0 0.16678645833333333 0.7128148148148148 0.08019270833333335 0.10978703703703697
0 0.25184375 0.6333148148148149 0.06865104166666663 0.08967592592592584
0 0.21943749999999998 0.5011203703703704 0.0570677083333333 0.07220370370370371
0 0.2943697916666667 0.41287962962962965 0.0495729166666667 0.059296296296296264
0 0.17097916666666665 0.3277222222222222 0.03766666666666663 0.07108333333333332
0 0.2681875 0.3539629629629629 0.037703125000000025 0.04331481481481479
0 0.2155364583333333 0.35141666666666665 0.03189062500000001 0.044388888888888936
0 0.1449375 0.2595925925925926 0.02030729166666667 0.03667592592592594
0 0.11413020833333339 0.21534259259259259 0.024635416666666674 0.04694444444444446
0 0.24865625000000005 0.23669444444444443 0.016000000000000014 0.024833333333333353
0 0.1725677083333333 0.212 0.015395833333333305 0.024814814814814824
0 0.18862500000000004 0.1911574074074074 0.012796875000000025 0.017092592592592572
0 0.04884895833333332 0.31542592592592594 0.024984375 0.046481481481481526
0 0.08472395833333338 0.26422222222222225 0.01920833333333333 0.02741666666666668
0 0.14636979166666667 0.4358240740740741 0.026124999999999985 0.04655555555555553
0 0.1398802083333333 0.20169444444444445 0.016531250000000004 0.02581481481481481