0 0.564734375 0.8064629629629629 0.08831770833333336 0.1482129629629629
0 0.334515625 0.8974351851851852 0.09458333333333328 0.14126851851851857
0 0.413671875 0.5957314814814815 0.06127604166666671 0.10823148148148157
0 0.14460937500000004 0.6509166666666667 0.06190104166666668 0.11490740740740732
0 0.4091927083333334 0.47477777777777774 0.050843749999999945 0.08221296296296293
0 0.2029427083333334 0.5061481481481481 0.047145833333333324 0.07849074074074072
0 0.26895312500000007 0.4735185185185185 0.042234374999999984 0.07187037037037043
0 0.31350520833333334 0.4394722222222222 0.03833333333333329 0.061185185185185224
0 0.12943749999999998 0.4315 0.0354375 0.06234259259259263
0 0.17094791666666667 0.4001388888888889 0.03348958333333331 0.04725925925925922
0 0.25329166666666664 0.36024074074074075 0.028895833333333343 0.043185185185185174
0 0.28800000000000003 0.3299259259259259 0.02681770833333334 0.0375185185185185
0 0.21732812499999998 0.3274814814814815 0.024661458333333344 0.03874074074074077
0 0.2396302083333333 0.30321296296296296 0.02443749999999998 0.037574074074074114
0 0.27458333333333335 0.2939351851851852 0.020703125 0.02887962962962968
0 0.2512708333333334 0.2511111111111111 0.015640624999999984 0.021453703703703666
0 0.23256770833333332 0.27267592592592593 0.019151041666666656 0.03009259259259259
0 0.20345312500000007 0.29386111111111113 0.021937500000000002 0.038592592592592546
0 0.17209375000000005 0.2703148148148148 0.018828124999999987 0.025981481481481432
0 0.14441145833333333 0.2695462962962963 0.01737500000000001 0.027527777777777793
0 0.17676041666666673 0.24394444444444444 0.015036458333333336 0.021305555555555546
0 0.15413020833333338 0.2464259259259259 0.016916666666666677 0.023796296296296312
0 0.2503333333333334 0.22914814814814813 0.013739583333333331 0.018805555555555558
0 0.2165677083333333 0.1971388888888889 0.015812500000000007 0.027472222222222238
0 0.229578125 0.2245277777777778 0.015776041666666647 0.019425925925925944
0 0.17094791666666667 0.21366666666666667 0.012114583333333328 0.020490740740740736
0 0.1881354166666667 0.22644444444444445 0.013770833333333362 0.023879629629629622
0 0.18670312500000003 0.20832407407407408 0.011786458333333331 0.021509259259259277
0 0.236078125 0.20032407407407407 0.010401041666666682 0.01906481481481479
0 0.2007135416666666 0.23331481481481478 0.016036458333333316 0.02256481481481479
0 0.1957708333333334 0.18599074074074073 0.010249999999999974 0.013648148148148156
0 0.20615104166666665 0.18623148148148147 0.014031250000000028 0.02587962962962962