0 0.696515625 0.8916296296296297 0.10251041666666666 0.16802777777777778
0 0.8332135416666666 0.7128148148148148 0.08019270833333333 0.10978703703703703
0 0.74815625 0.6333148148148149 0.06865104166666666 0.08967592592592592
0 0.7805625 0.5011203703703704 0.05706770833333333 0.0722037037037037
0 0.7056302083333333 0.41287962962962965 0.04957291666666667 0.059296296296296305
0 0.8290208333333333 0.3277222222222222 0.03766666666666666 0.07108333333333333
0 0.7318125 0.3539629629629629 0.037703125 0.04331481481481481
0 0.7844635416666667 0.35141666666666665 0.031890625 0.04438888888888889
0 0.8550625000000001 0.2595925925925926 0.020307291666666668 0.036675925925925924
0 0.8858697916666666 0.21534259259259259 0.024635416666666667 0.04694444444444445
0 0.75134375 0.23669444444444443 0.016 0.024833333333333332
0 0.8274322916666667 0.212 0.015395833333333333 0.024814814814814814
0 0.811375 0.1911574074074074 0.012796875000000001 0.017092592592592593
0 0.9511510416666666 0.31542592592592594 0.024984375 0.046481481481481485
0 0.9152760416666667 0.26422222222222225 0.019208333333333334 0.027416666666666666
0 0.8536302083333334 0.4358240740740741 0.026125 0.04655555555555556
0 0.8601197916666667 0.20169444444444445 0.01653125 0.025814814814814815