0 0.43526562500000004 0.8064629629629629 0.08831770833333333 0.14821296296296296
0 0.665484375 0.8974351851851852 0.09458333333333332 0.14126851851851852
0 0.586328125 0.5957314814814815 0.06127604166666667 0.10823148148148148
0 0.855390625 0.6509166666666667 0.06190104166666666 0.1149074074074074
0 0.5908072916666666 0.47477777777777774 0.05084375 0.08221296296296297
0 0.7970572916666666 0.5061481481481481 0.04714583333333333 0.07849074074074074
0 0.731046875 0.4735185185185185 0.042234375000000005 0.07187037037037038
0 0.6864947916666666 0.4394722222222222 0.03833333333333333 0.06118518518518518
0 0.8705625 0.4315 0.035437500000000004 0.06234259259259259
0 0.8290520833333334 0.4001388888888889 0.03348958333333333 0.04725925925925926
0 0.7467083333333334 0.36024074074074075 0.028895833333333332 0.04318518518518519
0 0.712 0.3299259259259259 0.026817708333333336 0.03751851851851852
0 0.782671875 0.3274814814814815 0.024661458333333334 0.03874074074074074
0 0.7603697916666667 0.30321296296296296 0.0244375 0.03757407407407407
0 0.7254166666666666 0.2939351851851852 0.020703125 0.02887962962962963
0 0.7487291666666667 0.2511111111111111 0.015640625000000002 0.021453703703703704
0 0.7674322916666667 0.27267592592592593 0.019151041666666667 0.03009259259259259
0 0.796546875 0.29386111111111113 0.0219375 0.038592592592592595
0 0.82790625 0.2703148148148148 0.018828124999999998 0.02598148148148148
0 0.8555885416666666 0.2695462962962963 0.017374999999999998 0.02752777777777778
0 0.8232395833333332 0.24394444444444444 0.015036458333333334 0.021305555555555557
0 0.8458697916666666 0.2464259259259259 0.016916666666666667 0.023796296296296295
0 0.7496666666666666 0.22914814814814813 0.013739583333333333 0.018805555555555555
0 0.7834322916666667 0.1971388888888889 0.0158125 0.027472222222222224
0 0.770421875 0.2245277777777778 0.015776041666666667 0.019425925925925926
0 0.8290520833333334 0.21366666666666667 0.012114583333333335 0.02049074074074074
0 0.8118645833333333 0.22644444444444445 0.013770833333333335 0.02387962962962963
0 0.813296875 0.20832407407407408 0.011786458333333333 0.02150925925925926
0 0.763921875 0.20032407407407407 0.010401041666666666 0.019064814814814816
0 0.7992864583333333 0.2333148148148148 0.016036458333333333 0.022564814814814815
0 0.8042291666666667 0.18599074074074073 0.01025 0.013648148148148149
0 0.7938489583333334 0.18623148148148147 0.01403125 0.025879629629629627