0 0.14396354166666667 0.9485833333333333 0.06821354166666667 0.10283333333333333
0 0.49166145833333336 0.66525 0.06569791666666666 0.12874074074074074
0 0.3269322916666667 0.5851018518518518 0.05706770833333333 0.1055
0 0.4699010416666667 0.5120185185185185 0.04675520833333333 0.07991666666666666
0 0.451140625 0.45523148148148146 0.020151041666666664 0.047453703703703706
0 0.5595260416666666 0.46890740740740744 0.04253645833333333 0.07480555555555556
0 0.6214895833333334 0.5715370370370371 0.050421875 0.08964814814814814
0 0.47485937500000003 0.3562222222222223 0.031640625 0.04892592592592593
0 0.5409947916666666 0.33824074074074073 0.0318125 0.05229629629629629
0 0.5913020833333333 0.3260648148148148 0.04330729166666667 0.07850925925925926
0 0.6417343750000001 0.36616666666666664 0.031020833333333334 0.053092592592592594
0 0.64228125 0.30550925925925926 0.027067708333333333 0.03963888888888889
0 0.5366927083333334 0.257 0.022572916666666668 0.032518518518518516
0 0.5842135416666667 0.2350925925925926 0.022171875 0.030296296296296297
0 0.649625 0.26593518518518516 0.027213541666666667 0.04027777777777778
0 0.62278125 0.22596296296296295 0.020927083333333332 0.032259259259259265
0 0.5993177083333333 0.20311111111111113 0.019505208333333336 0.02924074074074074
0 0.56715625 0.2037037037037037 0.019661458333333333 0.025944444444444444
0 0.5841145833333333 0.17560185185185187 0.016916666666666667 0.020314814814814817
0 0.6304114583333333 0.19721296296296298 0.020385416666666666 0.029824074074074076
0 0.6156406249999999 0.16542592592592592 0.014593749999999999 0.020555555555555556
0 0.5938125 0.15862037037037038 0.014104166666666666 0.021574074074074075
0 0.6040677083333333 0.13539814814814813 0.012697916666666666 0.015824074074074074
0 0.6254583333333333 0.1363888888888889 0.011651041666666667 0.016064814814814816
0 0.615765625 0.11678703703703704 0.011072916666666667 0.01485185185185185
0 0.6302239583333333 0.12150925925925925 0.010463541666666666 0.013157407407407408
0 0.6233125 0.10127777777777777 0.010276041666666668 0.013324074074074075
0 0.645703125 0.12137037037037038 0.01025 0.017203703703703704
0 0.6347864583333334 0.10888888888888888 0.010302083333333333 0.013777777777777778
0 0.6309114583333333 0.08778703703703704 0.009401041666666667 0.013240740740740742
0 0.835953125 0.5158240740740742 0.050109375 0.09657407407407408
0 0.878421875 0.7323888888888889 0.07046875000000001 0.11858333333333333
0 0.907203125 0.9569166666666666 0.07178124999999999 0.08616666666666667