0 0.5429375000000001 0.47479629629629627 0.047765625 0.07578703703703703
0 0.5436822916666666 0.3371759259259259 0.032364583333333335 0.045592592592592594
0 0.59296875 0.3259814814814815 0.03094791666666667 0.05321296296296296
0 0.5497083333333334 0.2347962962962963 0.021453125 0.03060185185185185
0 0.619359375 0.22775 0.031026041666666667 0.056157407407407406
0 0.5870833333333334 0.20265740740740742 0.007557291666666666 0.01887962962962963
0 0.5984010416666667 0.15514814814814815 0.012776041666666666 0.01724074074074074
0 0.6356197916666667 0.17198148148148149 0.014359375 0.019944444444444445
0 0.6591875 0.19227777777777777 0.015567708333333334 0.021574074074074075
0 0.6248854166666666 0.13978703703703704 0.012687499999999999 0.01937962962962963
0 0.6121927083333334 0.12716666666666668 0.010270833333333333 0.01337037037037037
0 0.6485208333333333 0.12699074074074074 0.012447916666666666 0.014435185185185185
0 0.6600104166666667 0.1443888888888889 0.012458333333333333 0.019083333333333334