0 0.4065885416666667 0.6854537037037036 0.09927604166666673 0.1638518518518519
0 0.7271510416666668 0.9261481481481482 0.09392708333333341 0.14489814814814825
0 0.8464218750000001 0.9119074074074075 0.06731770833333334 0.1465648148148149
0 0.5550729166666667 0.5406666666666666 0.04724999999999995 0.07710185185185184
0 0.5944166666666667 0.48061111111111104 0.046671875000000064 0.07043518518518513
0 0.45890624999999996 0.4634166666666667 0.04098958333333336 0.07236111111111114
0 0.36078645833333334 0.38353703703703707 0.03455729166666662 0.0632592592592592
0 0.4457083333333333 0.3098240740740741 0.027052083333333362 0.04380555555555551
0 0.478703125 0.29237037037037034 0.026416666666666682 0.038833333333333386
0 0.4164010416666667 0.24731481481481485 0.023380208333333385 0.0349537037037037
0 0.38790104166666667 0.2727685185185185 0.025255208333333338 0.037759259259259235
0 0.350375 0.30487037037037035 0.028322916666666722 0.043879629629629616
0 0.34896875 0.25500925925925927 0.022572916666666623 0.030925925925925905
0 0.34407812500000007 0.221 0.017447916666666667 0.02440740740740742
0 0.37127083333333327 0.20347222222222222 0.01793750000000003 0.024888888888888884
0 0.4086979166666667 0.2149722222222222 0.019447916666666624 0.030398148148148132
0 0.4235052083333334 0.1862777777777778 0.015781249999999976 0.019657407407407426
0 0.38873437499999997 0.16678703703703704 0.022984375000000057 0.03953703703703702
0 0.3641875 0.17700925925925926 0.015109374999999996 0.023925925925925903
0 0.340015625 0.17963888888888888 0.01512499999999998 0.022833333333333355
0 0.34073437500000003 0.15721296296296294 0.014286458333333366 0.017222222222222243
0 0.40826562499999997 0.16391666666666665 0.012557291666666614 0.019083333333333345
0 0.15291145833333328 0.6797314814814815 0.059880208333333344 0.1206666666666666