0 0.3178489583333333 0.8854814814814815 0.08571354166666666 0.1506851851851852
0 0.5500104166666666 0.7250462962962962 0.030312500000000003 0.0890925925925926
0 0.5086145833333333 0.6043055555555555 0.060015625 0.1031574074074074
0 0.46679166666666666 0.3733148148148148 0.035140625 0.05496296296296296
0 0.558328125 0.30337037037037035 0.026015625 0.04223148148148148
0 0.5971197916666667 0.32162962962962965 0.029901041666666666 0.04791666666666667
0 0.6517239583333333 0.2676111111111111 0.023510416666666666 0.04264814814814815
0 0.593765625 0.21969444444444444 0.019609375 0.028287037037037038
0 0.5816927083333333 0.17944444444444446 0.016244791666666668 0.023592592592592592
0 0.61090625 0.17934259259259258 0.014901041666666667 0.02598148148148148
0 0.601984375 0.14308333333333334 0.012359375 0.016314814814814817
0 0.6209791666666666 0.15097222222222223 0.011713541666666666 0.017194444444444446
0 0.64653125 0.12092592592592592 0.012885416666666667 0.02188888888888889
0 0.6243229166666667 0.1335 0.011265625 0.016592592592592593
0 0.6163177083333333 0.11235185185185186 0.010046875 0.013814814814814814
0 0.63134375 0.11510185185185186 0.010213541666666666 0.016074074074074074
0 0.664484375 0.10391666666666667 0.009713541666666665 0.01637962962962963
0 0.6273020833333334 0.09487037037037037 0.010875 0.013851851851851853
0 0.6665364583333333 0.08262962962962962 0.011354166666666667 0.020462962962962964