0 0.5934114583333333 0.6854537037037036 0.09927604166666668 0.16385185185185186
0 0.27284895833333334 0.9261481481481482 0.09392708333333334 0.14489814814814816
0 0.153578125 0.9119074074074074 0.06731770833333334 0.14656481481481481
0 0.4449270833333333 0.5406666666666666 0.04725 0.07710185185185185
0 0.40558333333333335 0.48061111111111104 0.046671875 0.07043518518518518
0 0.54109375 0.4634166666666667 0.040989583333333336 0.07236111111111111
0 0.6392135416666667 0.38353703703703707 0.03455729166666666 0.06325925925925925
0 0.5542916666666666 0.3098240740740741 0.02705208333333333 0.043805555555555556
0 0.521296875 0.29237037037037034 0.026416666666666665 0.03883333333333333
0 0.5835989583333333 0.24731481481481485 0.023380208333333333 0.0349537037037037
0 0.6120989583333334 0.2727685185185185 0.025255208333333334 0.03775925925925926
0 0.649625 0.30487037037037035 0.028322916666666666 0.04387962962962963
0 0.6510312500000001 0.25500925925925927 0.022572916666666668 0.030925925925925926
0 0.655921875 0.221 0.017447916666666667 0.024407407407407405
0 0.6287291666666667 0.20347222222222222 0.0179375 0.024888888888888887
0 0.5913020833333333 0.2149722222222222 0.01944791666666667 0.030398148148148146
0 0.5764947916666666 0.1862777777777778 0.01578125 0.019657407407407408
0 0.611265625 0.16678703703703704 0.022984375 0.03953703703703704
0 0.6358125 0.17700925925925926 0.015109375000000001 0.023925925925925927
0 0.6599843750000001 0.17963888888888888 0.015125 0.022833333333333334
0 0.659265625 0.15721296296296294 0.014286458333333333 0.017222222222222222
0 0.591734375 0.16391666666666665 0.012557291666666666 0.019083333333333334
0 0.8470885416666667 0.6797314814814815 0.05988020833333333 0.12066666666666666