0 0.4570625 0.47479629629629627 0.04776562500000002 0.075787037037037
0 0.4563177083333334 0.3371759259259259 0.032364583333333384 0.0455925925925926
0 0.40703125 0.3259814814814815 0.030947916666666703 0.05321296296296299
0 0.45029166666666665 0.2347962962962963 0.021453125000000028 0.030601851851851863
0 0.38064062499999995 0.22775000000000004 0.031026041666666632 0.05615740740740741
0 0.41291666666666665 0.20265740740740742 0.007557291666666662 0.018879629629629618
0 0.4015989583333333 0.15514814814814815 0.012776041666666653 0.017240740740740744
0 0.3643802083333333 0.17198148148148149 0.014359374999999968 0.019944444444444463
0 0.34081249999999996 0.19227777777777777 0.015567708333333385 0.021574074074074086
0 0.37511458333333336 0.13978703703703704 0.012687499999999947 0.019379629629629636
0 0.3878072916666666 0.12716666666666668 0.010270833333333347 0.013370370370370368
0 0.3514791666666666 0.12699074074074074 0.012447916666666715 0.014435185185185162
0 0.33998958333333335 0.1443888888888889 0.012458333333333372 0.019083333333333345