0 0.905875 0.4683333333333333 0.04934375 0.07357407407407407
0 0.7931718750000001 0.2723333333333333 0.015255208333333332 0.03553703703703704
0 0.797484375 0.3667037037037037 0.046114583333333334 0.06608333333333334
0 0.6543072916666667 0.3378888888888889 0.04896875 0.0519537037037037
0 0.7762395833333334 0.31949074074074074 0.039223958333333336 0.0428425925925926
0 0.5982552083333333 0.25075000000000003 0.030723958333333336 0.048740740740740744
0 0.552484375 0.2626759259259259 0.03166666666666666 0.0430462962962963
0 0.45701562500000004 0.24194444444444446 0.025697916666666668 0.03627777777777778
0 0.4744322916666667 0.22883333333333333 0.028026041666666668 0.03317592592592592
0 0.47200000000000003 0.19510185185185186 0.027494791666666667 0.045342592592592594
0 0.39316666666666666 0.21307407407407408 0.023578125000000002 0.027703703703703706
0 0.4044635416666667 0.19471296296296295 0.019546875000000002 0.025907407407407407