0 0.9085052083333333 0.38363888888888886 0.054515625 0.07530555555555556
0 0.724390625 0.26080555555555557 0.030380208333333332 0.046296296296296294
0 0.6410572916666666 0.30400925925925926 0.040796874999999996 0.052472222222222226
0 0.603734375 0.3117314814814815 0.040796874999999996 0.046296296296296294
0 0.6885104166666667 0.24525925925925926 0.01078125 0.025935185185185186
0 0.6228645833333334 0.2227037037037037 0.012687499999999999 0.025935185185185186
0 0.4157708333333333 0.2215740740740741 0.01078125 0.028194444444444442
0 0.4024479166666667 0.19225925925925924 0.018395833333333333 0.030444444444444448
0 0.4256041666666667 0.18662037037037038 0.017760416666666667 0.019166666666666665
0 0.5483333333333333 0.20353703703703704 0.022197916666666664 0.030444444444444448
0 0.3612239583333333 0.1933888888888889 0.022197916666666664 0.016916666666666667