0 0.9278645833333333 0.4310185185185185 0.051911458333333334 0.08796296296296297
0 0.535171875 0.27067592592592593 0.013494791666666667 0.03185185185185185
0 0.8272552083333333 0.34953703703703703 0.036458333333333336 0.06944444444444445
0 0.73246875 0.3538611111111111 0.046239583333333334 0.062148148148148154
0 0.6887708333333333 0.30925 0.032140625 0.05713888888888889
0 0.5962968750000001 0.3112592592592593 0.042291666666666665 0.05312962962962963
0 0.5858645833333332 0.2651481481481482 0.034958333333333334 0.04511111111111111
0 0.570640625 0.20850925925925926 0.027067708333333333 0.028064814814814813
0 0.5858645833333332 0.18244444444444444 0.021427083333333333 0.040101851851851854
0 0.49423437499999995 0.23507407407407407 0.032140625 0.035083333333333334
0 0.4629583333333333 0.24700925925925923 0.0299375 0.036944444444444446
0 0.3782552083333333 0.20630555555555555 0.023947916666666666 0.024416666666666666
0 0.4775729166666667 0.1922222222222222 0.025359375 0.05009259259259259
0 0.42351041666666667 0.2012962962962963 0.019369791666666667 0.03443518518518518
0 0.670046875 0.26578703703703704 0.03486458333333333 0.024416666666666666
0 0.34074479166666666 0.1834537037037037 0.017255208333333334 0.020037037037037037