0 0.9226145833333333 0.4419814814814815 0.054765625000000005 0.07743518518518518
0 0.824109375 0.34581481481481485 0.03507291666666667 0.07286111111111111
0 0.73190625 0.3549907407407407 0.044171875 0.06243518518518519
0 0.6866354166666666 0.3085555555555556 0.03071875 0.06002777777777778
0 0.5938125 0.3074074074074074 0.03935416666666667 0.050861111111111114
0 0.67046875 0.2636388888888889 0.030000000000000002 0.02912037037037037
0 0.5841302083333333 0.26073148148148145 0.027692708333333333 0.03975
0 0.5831145833333333 0.1813611111111111 0.021036458333333334 0.04137037037037037
0 0.5715572916666667 0.20887037037037037 0.026453125 0.029222222222222222
0 0.5337031250000001 0.2705740740740741 0.015500000000000002 0.03887962962962963
0 0.496796875 0.23528703703703704 0.028802083333333332 0.0354537037037037
0 0.56090625 0.22555555555555554 0.024421875 0.022861111111111113
0 0.4626927083333333 0.24677777777777776 0.030744791666666667 0.03651851851851852
0 0.47686458333333337 0.18924074074074074 0.029796875 0.05575925925925926
0 0.37888020833333336 0.20500925925925925 0.024953125 0.02636111111111111
0 0.34016145833333333 0.18323148148148147 0.018890625 0.022231481481481484