0 0.0914947916666667 0.38363888888888886 0.054515625000000005 0.0753055555555556
0 0.27560937500000005 0.26080555555555557 0.030380208333333325 0.046296296296296294
0 0.35894270833333336 0.30400925925925926 0.04079687499999996 0.052472222222222184
0 0.39626562499999995 0.3117314814814815 0.04079687499999996 0.046296296296296294
0 0.3114895833333333 0.24525925925925926 0.010781250000000023 0.025935185185185176
0 0.3771354166666666 0.2227037037037037 0.012687499999999947 0.025935185185185176
0 0.5842291666666667 0.2215740740740741 0.010781249999999905 0.028194444444444435
0 0.5975520833333333 0.19225925925925924 0.01839583333333342 0.03044444444444444
0 0.5743958333333334 0.18662037037037038 0.01776041666666662 0.019166666666666655
0 0.4516666666666667 0.20353703703703704 0.02219791666666661 0.03044444444444444
0 0.6387760416666667 0.1933888888888889 0.02219791666666661 0.01691666666666665