0 0.1301822916666667 0.7964444444444444 0.07409375 0.128175925925926
0 0.04377604166666664 0.8247314814814816 0.05315104166666667 0.1254907407407407
0 0.3672239583333333 0.3253055555555555 0.06458854166666667 0.11552777777777776
0 0.5708072916666667 0.2121851851851852 0.03060416666666678 0.05475000000000002
0 0.5968020833333334 0.22889814814814816 0.012697916666666724 0.0367685185185185
0 0.5929114583333333 0.1595 0.03745833333333337 0.0632685185185185
0 0.65778125 0.1646388888888889 0.01317187499999998 0.032212962962962985
0 0.7000052083333334 0.0850925925925926 0.01861458333333322 0.03199074074074075
0 0.742125 0.08572222222222223 0.019598958333333392 0.023157407407407397
0 0.7742864583333334 0.06193518518518518 0.015791666666666752 0.02339814814814815
0 0.7503020833333333 0.049666666666666665 0.021328124999999906 0.03276851851851852
0 0.7858750000000001 0.03624074074074074 0.01527083333333342 0.025203703703703704