0 0.8698177083333333 0.7964444444444444 0.07409375 0.12817592592592594
0 0.9562239583333334 0.8247314814814816 0.05315104166666666 0.12549074074074074
0 0.6327760416666667 0.3253055555555555 0.06458854166666667 0.11552777777777777
0 0.4291927083333333 0.21218518518518517 0.030604166666666665 0.05475
0 0.40319791666666666 0.22889814814814816 0.012697916666666666 0.03676851851851852
0 0.4070885416666667 0.1595 0.03745833333333334 0.06326851851851852
0 0.34221874999999996 0.1646388888888889 0.013171875 0.032212962962962964
0 0.29999479166666665 0.0850925925925926 0.018614583333333334 0.031990740740740736
0 0.257875 0.08572222222222223 0.019598958333333336 0.023157407407407408
0 0.22571354166666666 0.06193518518518518 0.015791666666666666 0.023398148148148147
0 0.24969791666666669 0.049666666666666665 0.021328125 0.032768518518518516
0 0.214125 0.03624074074074074 0.015270833333333334 0.025203703703703704