0 0.75325 0.5658333333333333 0.034203125000000036 0.08456481481481475
0 0.654296875 0.5621851851851851 0.061015625000000046 0.12765740740740752
0 0.4847447916666667 0.34401851851851856 0.04812500000000005 0.07103703703703707
0 0.64296875 0.9106481481481481 0.10052083333333334 0.1787037037037037
0 0.36683854166666663 0.5816388888888888 0.09104687499999997 0.18012037037037035
0 0.40549479166666663 0.45662037037037034 0.05188020833333328 0.09670370370370375
0 0.23060416666666667 0.5918425925925926 0.06165104166666667 0.11140740740740734
0 0.2555625 0.4320462962962963 0.047703124999999985 0.07853703703703697
0 0.35231770833333337 0.3341018518518518 0.04271874999999999 0.06088888888888888
0 0.339609375 0.26381481481481484 0.034354166666666686 0.052064814814814835
0 0.20789583333333336 0.36546296296296293 0.03514583333333334 0.05775
0 0.1842708333333333 0.3342314814814815 0.02907291666666669 0.04543518518518523
0 0.2430364583333334 0.2551851851851852 0.02329687500000001 0.03586111111111113
0 0.24309375 0.2192037037037037 0.019302083333333307 0.028814814814814817
0 0.2006770833333333 0.2486574074074074 0.031119791666666667 0.0631296296296296
0 0.17623437499999994 0.3007962962962963 0.026338541666666694 0.037583333333333364
0 0.1632291666666667 0.2644907407407407 0.02634375000000002 0.05938888888888887
0 0.21637500000000004 0.20037962962962963 0.015208333333333357 0.024601851851851847
0 0.1181822916666667 0.24748148148148147 0.01796875 0.03422222222222223