0 0.45190625 0.5178703703703703 0.067109375 0.26291666666666663
0 0.5730572916666666 0.7096666666666667 0.08361979166666668 0.1711851851851852
0 0.07458333333333332 0.7673425925925926 0.08041666666666666 0.1513611111111111
0 0.7935520833333333 0.5337500000000001 0.0454375 0.09712037037037037
0 0.7375260416666667 0.44610185185185186 0.041953125 0.08252777777777777
0 0.4141197916666667 0.4691666666666667 0.022776041666666667 0.08647222222222223
0 0.36134374999999996 0.4348518518518518 0.037031249999999995 0.09050925925925926
0 0.724484375 0.3309722222222222 0.034958333333333334 0.06958333333333334
0 0.7808958333333333 0.38783333333333336 0.03280729166666667 0.057574074074074076
0 0.8157604166666667 0.3353703703703704 0.025854166666666668 0.04894444444444444
0 0.6793489583333333 0.2559351851851852 0.024369791666666665 0.04192592592592593
0 0.6273385416666667 0.27564814814814814 0.028468749999999998 0.029083333333333333
0 0.7952760416666667 0.2605462962962963 0.020458333333333335 0.04159259259259259
0 0.7638072916666666 0.2401759259259259 0.016036458333333333 0.03305555555555556
0 0.8294270833333334 0.29247222222222224 0.02084375 0.03487962962962963
0 0.8838281250000001 0.2626574074074074 0.012557291666666666 0.024694444444444446
0 0.8402708333333333 0.27187962962962964 0.015984375000000002 0.029296296296296296
0 0.7821250000000001 0.19882407407407407 0.014255208333333333 0.01987037037037037
0 0.74684375 0.2187037037037037 0.014526041666666666 0.026296296296296293
0 0.3749635416666666 0.48372222222222216 0.015546875 0.05107407407407407
0 0.7897552083333333 0.22703703703703704 0.014921875 0.017027777777777777
0 0.8138333333333333 0.20868518518518517 0.014119791666666666 0.019212962962962963