0 0.24675 0.5658333333333333 0.034203125 0.08456481481481481
0 0.345703125 0.5621851851851851 0.061015625000000004 0.12765740740740741
0 0.5152552083333333 0.34401851851851856 0.048125 0.07103703703703704
0 0.35685416666666664 0.9109537037037038 0.10076041666666667 0.17810185185185184
0 0.6331614583333334 0.5816388888888888 0.091046875 0.18012037037037038
0 0.5945052083333333 0.45662037037037034 0.05188020833333333 0.09670370370370371
0 0.7693958333333334 0.5918425925925926 0.06165104166666667 0.1114074074074074
0 0.7444375 0.4320462962962963 0.047703125 0.07853703703703703
0 0.6476822916666667 0.3341018518518518 0.04271875 0.060888888888888895
0 0.660390625 0.26381481481481484 0.034354166666666665 0.052064814814814814
0 0.7921041666666666 0.36546296296296293 0.035145833333333334 0.057749999999999996
0 0.8157291666666667 0.3342314814814815 0.029072916666666667 0.04543518518518518
0 0.7569635416666666 0.2551851851851852 0.023296874999999998 0.03586111111111111
0 0.75690625 0.2192037037037037 0.019302083333333334 0.028814814814814817
0 0.7993229166666667 0.2486574074074074 0.031119791666666667 0.06312962962962963
0 0.8237656250000001 0.3007962962962963 0.026338541666666666 0.03758333333333334
0 0.8367708333333332 0.2644907407407407 0.02634375 0.05938888888888889
0 0.783625 0.20037962962962963 0.015208333333333332 0.02460185185185185
0 0.8818177083333333 0.24748148148148147 0.01796875 0.03422222222222222