0 0.5022916666666667 0.36212962962962963 0.055651041666666616 0.08056481481481481
0 0.370453125 0.34564814814814815 0.045911458333333384 0.06657407407407405
0 0.34535937499999997 0.40037962962962964 0.046859375000000016 0.08325925925925923
0 0.2711770833333334 0.4613425925925926 0.05169270833333333 0.08287037037037037
0 0.306640625 0.2504351851851852 0.02762499999999998 0.03853703703703704
0 0.2505677083333333 0.2555277777777778 0.023526041666666647 0.04239814814814814
0 0.23528125 0.29529629629629633 0.029177083333333322 0.04706481481481485
0 0.23772395833333337 0.22333333333333333 0.023109375 0.03600925925925925
0 0.18642708333333335 0.2440277777777778 0.01953645833333333 0.038379629629629645
0 0.15246875000000001 0.25130555555555556 0.01566145833333336 0.03204629629629631
0 0.1299375 0.19492592592592595 0.011161458333333322 0.023370370370370378