0 0.044921875 0.7624259259259258 0.04305208333333333 0.14533333333333334
0 0.05739583333333333 0.9226574074074074 0.07841666666666666 0.15468518518518518
0 0.2757604166666667 0.5061388888888889 0.0630625 0.12535185185185185
0 0.46121354166666667 0.5835833333333333 0.10063020833333333 0.20614814814814814
0 0.3158333333333333 0.9485833333333333 0.084875 0.10283333333333333
0 0.6482343749999999 0.5770833333333333 0.06842187500000001 0.14872222222222223
0 0.8020937499999999 0.34870370370370374 0.033328125 0.05419444444444445
0 0.8642447916666666 0.32637962962962963 0.012489583333333333 0.033879629629629635
0 0.8393958333333333 0.274 0.020979166666666667 0.03521296296296297
0 0.7453645833333333 0.3062870370370371 0.042421875000000005 0.08012037037037037
0 0.6867447916666667 0.2539537037037037 0.028557291666666665 0.03996296296296296
0 0.6984479166666666 0.26985185185185184 0.010291666666666668 0.027916666666666666
0 0.7472135416666668 0.21741666666666667 0.020463541666666665 0.03139814814814815
0 0.8016770833333333 0.2538888888888889 0.022916666666666665 0.048351851851851854
0 0.7279114583333333 0.2639537037037037 0.023265625 0.04778703703703704
0 0.7916197916666667 0.21861111111111112 0.019223958333333332 0.031342592592592596
0 0.857171875 0.2357037037037037 0.024661458333333334 0.049157407407407414