0 0.49770833333333336 0.36212962962962963 0.055651041666666665 0.08056481481481483
0 0.6295468750000001 0.34564814814814815 0.045911458333333335 0.06657407407407408
0 0.6546406250000001 0.40037962962962964 0.046859375 0.08325925925925926
0 0.7288229166666667 0.4613425925925926 0.05169270833333333 0.08287037037037037
0 0.693359375 0.2504351851851852 0.027625 0.038537037037037036
0 0.7494322916666667 0.2555277777777778 0.023526041666666667 0.04239814814814815
0 0.76471875 0.29529629629629633 0.029177083333333336 0.047064814814814816
0 0.7622760416666666 0.22333333333333333 0.023109374999999998 0.03600925925925926
0 0.8135729166666666 0.2440277777777778 0.019536458333333333 0.03837962962962963
0 0.84753125 0.25130555555555556 0.015661458333333333 0.032046296296296295
0 0.8700625 0.19492592592592595 0.011161458333333334 0.023370370370370368