0 0.54809375 0.5178703703703703 0.06710937499999996 0.2629166666666667
0 0.42694270833333337 0.7096666666666667 0.08361979166666664 0.17118518518518527
0 0.9254166666666667 0.7673425925925926 0.08041666666666672 0.15136111111111114
0 0.20644791666666673 0.5337500000000001 0.045437500000000006 0.09712037037037047
0 0.26247395833333337 0.44610185185185186 0.04195312499999997 0.08252777777777777
0 0.5858802083333333 0.4691666666666667 0.022776041666666677 0.08647222222222221
0 0.63865625 0.4348518518518518 0.03703124999999995 0.09050925925925926
0 0.275515625 0.3309722222222222 0.03495833333333331 0.06958333333333332
0 0.2191041666666667 0.38783333333333336 0.03280729166666667 0.05757407407407403
0 0.18423958333333335 0.3353703703703704 0.02585416666666666 0.04894444444444446
0 0.3206510416666667 0.2559351851851852 0.024369791666666647 0.0419259259259259
0 0.3726614583333333 0.27564814814814814 0.028468750000000043 0.029083333333333305
0 0.2047239583333333 0.2605462962962963 0.020458333333333318 0.041592592592592556
0 0.23619270833333333 0.2401759259259259 0.016036458333333316 0.033055555555555574
0 0.17057291666666666 0.29247222222222224 0.02084374999999999 0.034879629629629594
0 0.11617187499999998 0.2626574074074074 0.012557291666666673 0.024694444444444408
0 0.1597291666666667 0.27187962962962964 0.01598437500000003 0.029296296296296282
0 0.21787499999999996 0.19882407407407407 0.014255208333333335 0.01987037037037035
0 0.25315624999999997 0.2187037037037037 0.01452604166666666 0.026296296296296276
0 0.6250364583333334 0.48372222222222216 0.015546874999999953 0.0510740740740741
0 0.2102447916666667 0.22703703703703704 0.014921874999999989 0.017027777777777767
0 0.1861666666666667 0.20868518518518517 0.014119791666666675 0.019212962962962963