0 0.955078125 0.7624259259259258 0.043052083333333255 0.14533333333333337
0 0.9426041666666667 0.9226574074074074 0.07841666666666663 0.15468518518518515
0 0.7242395833333333 0.5061388888888889 0.06306249999999997 0.1253518518518518
0 0.5387864583333334 0.5835833333333333 0.10063020833333335 0.20614814814814802
0 0.6841666666666666 0.9485833333333333 0.08487500000000002 0.10283333333333328
0 0.351765625 0.5770833333333333 0.06842187499999994 0.14872222222222212
0 0.19790625 0.34870370370370374 0.03332812500000001 0.05419444444444442
0 0.13575520833333338 0.32637962962962963 0.012489583333333342 0.03387962962962966
0 0.1606041666666666 0.274 0.020979166666666653 0.03521296296296294
0 0.2546354166666667 0.3062870370370371 0.042421875000000026 0.08012037037037034
0 0.31325520833333337 0.2539537037037037 0.02855729166666663 0.039962962962962936
0 0.30155208333333333 0.26985185185185184 0.010291666666666663 0.027916666666666645
0 0.2527864583333333 0.21741666666666667 0.020463541666666647 0.03139814814814812
0 0.19832291666666665 0.2538888888888889 0.022916666666666665 0.048351851851851875
0 0.2720885416666667 0.2639537037037037 0.02326562500000001 0.04778703703703705
0 0.2083802083333333 0.21861111111111112 0.019223958333333315 0.031342592592592616
0 0.142828125 0.2357037037037037 0.024661458333333344 0.049157407407407434