0 0.2031875 0.7371851851851852 0.074546875 0.12268518518518519
0 0.40228125 0.4425277777777778 0.05144270833333333 0.09060185185185185
0 0.305390625 0.9324074074074075 0.10140104166666666 0.13518518518518519
0 0.6063177083333334 0.4549259259259259 0.05043229166666666 0.0816574074074074
0 0.51190625 0.3368055555555556 0.03631770833333334 0.05694444444444444
0 0.42328645833333334 0.2626296296296296 0.02678125 0.04191666666666667
0 0.38208333333333333 0.22899074074074074 0.024369791666666665 0.03533333333333333
0 0.4218645833333333 0.18407407407407408 0.01872916666666667 0.03112037037037037
0 0.45710416666666664 0.19135185185185186 0.020458333333333335 0.02899074074074074
0 0.389265625 0.1653148148148148 0.014994791666666667 0.02507407407407407
0 0.4501354166666667 0.1585 0.015895833333333335 0.022564814814814815
0 0.41878125 0.1490925925925926 0.0156875 0.02225925925925926
0 0.44640625 0.14034259259259257 0.012317708333333333 0.014203703703703703
0 0.4204947916666667 0.11794444444444444 0.020151041666666664 0.024787037037037038
0 0.44545833333333335 0.12393518518518518 0.012791666666666666 0.014537037037037036
0 0.626703125 0.317037037037037 0.008614583333333333 0.030370370370370367