0 0.06461458333333331 0.6601574074074075 0.012557291666666673 0.038425925925925926
0 0.04985937500000001 0.6583518518518519 0.010812499999999996 0.03790740740740746
0 0.04580729166666669 0.625175925925926 0.030484375 0.06721296296296289
0 0.05839583333333328 0.5371851851851852 0.04061458333333334 0.06408333333333337
0 0.1473541666666667 0.5423333333333333 0.031098958333333336 0.062027777777777786
0 0.10453645833333335 0.5546759259259259 0.012567708333333332 0.03115740740740749
0 0.2204010416666667 0.46720370370370373 0.025630208333333352 0.05375000000000001
0 0.1512604166666667 0.47081481481481485 0.04585416666666666 0.07948148148148146
0 0.252078125 0.44250925925925927 0.012619791666666677 0.03109259259259263
0 0.29063541666666665 0.39958333333333335 0.025979166666666723 0.039222222222222235
0 0.26900520833333336 0.4072592592592592 0.011760416666666659 0.023361111111111128
0 0.4095364583333333 0.2393888888888889 0.018499999999999992 0.023351851851851877
0 0.33200520833333336 0.36133333333333334 0.027734375 0.03886111111111114
0 0.5728229166666667 0.17862037037037037 0.017546875000000028 0.023027777777777782
0 0.44933333333333336 0.2258148148148148 0.008578125000000015 0.016879629629629647