0 0.4911979166666667 0.3116851851851852 0.02197395833333333 0.051138888888888887
0 0.68196875 0.3705 0.022265625 0.0372962962962963
0 0.7132343750000001 0.4089907407407407 0.022302083333333333 0.03465740740740741
0 0.7508125 0.4430648148148148 0.025583333333333333 0.041694444444444444
0 0.7979843750000001 0.4253611111111111 0.03716666666666667 0.0783611111111111
0 0.8059218749999999 0.5003333333333333 0.023307291666666667 0.04881481481481481
0 0.8517604166666667 0.5002962962962964 0.0264375 0.045037037037037035
0 0.65053125 0.3415648148148148 0.0229375 0.03498148148148148
0 0.6124479166666668 0.3035740740740741 0.020729166666666667 0.025657407407407407
0 0.5863072916666667 0.2716388888888889 0.016359375 0.02476851851851852
0 0.5511197916666667 0.23157407407407407 0.014739583333333334 0.022416666666666668
0 0.6092291666666667 0.24796296296296297 0.015338541666666667 0.021842592592592594
0 0.9115729166666667 0.5940277777777777 0.02627604166666667 0.03250925925925926
0 0.9830989583333333 0.5462685185185185 0.022447916666666668 0.04253703703703703