0 0.5088020833333333 0.3116851851851852 0.021973958333333363 0.05113888888888891
0 0.31803124999999993 0.3705 0.022265625 0.03729629629629627
0 0.28676562499999997 0.4089907407407407 0.0223020833333333 0.03465740740740736
0 0.24918750000000003 0.4430648148148148 0.025583333333333336 0.041694444444444416
0 0.20201562499999995 0.4253611111111111 0.037166666666666674 0.0783611111111111
0 0.19407812500000005 0.5003333333333333 0.023307291666666667 0.04881481481481484
0 0.14823958333333329 0.5002962962962964 0.026437499999999996 0.04503703703703713
0 0.34946875 0.3415648148148148 0.022937499999999982 0.034981481481481454
0 0.3875520833333333 0.3035740740740741 0.020729166666666642 0.02565740740740744
0 0.4136927083333333 0.2716388888888889 0.016359375000000044 0.02476851851851852
0 0.4488802083333333 0.23157407407407407 0.01473958333333331 0.022416666666666647
0 0.39077083333333335 0.24796296296296297 0.01533854166666669 0.021842592592592622
0 0.08842708333333332 0.5940277777777777 0.02627604166666666 0.03250925925925917
0 0.01690104166666669 0.5462685185185185 0.022447916666666665 0.04253703703703709