0 0.9353854166666667 0.6601574074074075 0.012557291666666666 0.038425925925925926
0 0.950140625 0.6583518518518519 0.010812500000000001 0.037907407407407404
0 0.9541927083333334 0.625175925925926 0.030484375 0.06721296296296296
0 0.9416041666666667 0.5371851851851852 0.040614583333333336 0.06408333333333333
0 0.8526458333333333 0.5423333333333333 0.031098958333333333 0.06202777777777777
0 0.8954635416666666 0.5546759259259259 0.012567708333333334 0.031157407407407404
0 0.7795989583333333 0.4672037037037037 0.025630208333333335 0.05375
0 0.8487395833333333 0.47081481481481485 0.04585416666666667 0.07948148148148149
0 0.747921875 0.44250925925925927 0.012619791666666666 0.031092592592592592
0 0.7093645833333333 0.39958333333333335 0.025979166666666668 0.03922222222222222
0 0.7309947916666667 0.4072592592592592 0.011760416666666666 0.02336111111111111
0 0.5904635416666667 0.2393888888888889 0.018500000000000003 0.02335185185185185
0 0.6679947916666666 0.36133333333333334 0.027734375 0.03886111111111111
0 0.4271770833333333 0.17862037037037037 0.017546875 0.02302777777777778
0 0.5506666666666666 0.2258148148148148 0.008578124999999999 0.01687962962962963