0 0.4200989583333333 0.7043055555555555 0.07375520833333334 0.13637962962962963
0 0.43559895833333334 0.9587962962962963 0.04515625 0.0824074074074074
0 0.4354375 0.4672037037037037 0.045890625 0.08107407407407408
0 0.5332447916666667 0.31980555555555557 0.012322916666666666 0.034055555555555554
0 0.6140052083333334 0.29510185185185184 0.028015625 0.05132407407407407
0 0.5962395833333333 0.2288888888888889 0.02273958333333333 0.03825925925925926
0 0.6625156249999999 0.18810185185185185 0.019046875 0.03275925925925926
0 0.7089947916666667 0.1470925925925926 0.018593750000000003 0.05899074074074074
0 0.6373645833333333 0.17122222222222222 0.017302083333333333 0.02302777777777778
0 0.7299375 0.1402037037037037 0.013286458333333334 0.017953703703703704
0 0.7425989583333333 0.11124074074074074 0.016442708333333333 0.05026851851851852
0 0.6603020833333333 0.12450000000000001 0.011552083333333333 0.021425925925925928
0 0.6747552083333334 0.15978703703703703 0.020338541666666664 0.03253703703703704