0 0.262078125 0.8382685185185186 0.10141145833333334 0.15185185185185185
0 0.44499479166666667 0.37439814814814815 0.04796875 0.0759537037037037
0 0.8396666666666667 0.8884351851851852 0.08471875 0.1595925925925926
0 0.5304375 0.3181851851851852 0.012760416666666666 0.03231481481481481
0 0.5542447916666667 0.28158333333333335 0.009776041666666667 0.03317592592592592
0 0.5621770833333334 0.24056481481481481 0.010765625000000001 0.019925925925925927
0 0.5816458333333333 0.2315185185185185 0.020427083333333332 0.030944444444444445
0 0.6110260416666667 0.2262314814814815 0.01025 0.015064814814814814
0 0.685296875 0.2831296296296296 0.023369791666666664 0.03537962962962963
0 0.700546875 0.23725925925925928 0.022619791666666667 0.03183333333333334
0 0.5584583333333334 0.20417592592592593 0.02415625 0.02387037037037037
0 0.5782968749999999 0.17352777777777778 0.018197916666666664 0.023416666666666665
0 0.6510572916666667 0.16924074074074075 0.014869791666666667 0.018055555555555554
0 0.58434375 0.15592592592592594 0.013208333333333332 0.012805555555555556