0 0.737921875 0.8382685185185186 0.10141145833333336 0.15185185185185185
0 0.5550052083333334 0.37439814814814815 0.047968749999999956 0.07595370370370368
0 0.1603333333333333 0.8884351851851852 0.08471874999999998 0.1595925925925927
0 0.4695625 0.3181851851851852 0.012760416666666666 0.032314814814814796
0 0.44575520833333326 0.28158333333333335 0.009776041666666657 0.03317592592592596
0 0.4378229166666666 0.24056481481481481 0.010765625000000037 0.01992592592592591
0 0.4183541666666667 0.2315185185185185 0.02042708333333335 0.03094444444444446
0 0.3889739583333333 0.2262314814814815 0.010250000000000033 0.015064814814814798
0 0.31470312500000003 0.2831296296296296 0.023369791666666608 0.035379629629629664
0 0.29945312500000004 0.23725925925925928 0.0226197916666667 0.03183333333333333
0 0.44154166666666667 0.20417592592592593 0.024156250000000056 0.023870370370370344
0 0.421703125 0.17352777777777778 0.018197916666666696 0.023416666666666686
0 0.34894270833333335 0.16924074074074075 0.014869791666666642 0.018055555555555554
0 0.41565624999999995 0.15592592592592594 0.013208333333333282 0.01280555555555554