0 0.3908333333333333 0.616462962962963 0.06647916666666667 0.10869444444444444
0 0.385328125 0.45431481481481484 0.05 0.07796296296296297
0 0.5435729166666667 0.32475925925925925 0.03506770833333333 0.051370370370370365
0 0.519546875 0.26955555555555555 0.02763541666666667 0.042805555555555555
0 0.6114583333333333 0.28525925925925927 0.028125 0.04089814814814815
0 0.7270052083333333 0.3677685185185185 0.0319375 0.05198148148148148
0 0.8170677083333333 0.8202314814814815 0.069390625 0.1451111111111111
0 0.5867604166666667 0.20834259259259258 0.0183125 0.05002777777777778
0 0.6238333333333334 0.21501851851851853 0.015375 0.02262962962962963
0 0.663390625 0.2197962962962963 0.01703125 0.04458333333333333
0 0.5432760416666667 0.22964814814814816 0.01913541666666667 0.032712962962962965
0 0.5661822916666667 0.19468518518518518 0.013625 0.02462962962962963
0 0.6215104166666666 0.1891388888888889 0.013854166666666667 0.019018518518518518
0 0.5766510416666667 0.17457407407407408 0.014760416666666666 0.015805555555555555
0 0.6034375 0.16927777777777778 0.012078125 0.023740740740740743
0 0.6248020833333333 0.17191666666666666 0.012661458333333332 0.018768518518518518
0 0.6536510416666667 0.1776574074074074 0.012203125 0.01721296296296296
0 0.5700260416666667 0.2555648148148148 0.024661458333333334 0.037064814814814814
0 0.6244739583333333 0.1525462962962963 0.009682291666666667 0.01762962962962963