0 0.5891041666666667 0.6776018518518518 0.052000000000000074 0.09410185185185195
0 0.32721875 0.4758981481481482 0.037229166666666674 0.07032407407407412
0 0.5449791666666667 0.3815277777777778 0.025947916666666692 0.03779629629629634
0 0.49291666666666667 0.34794444444444445 0.024723958333333348 0.0334907407407407
0 0.39523437499999997 0.3459074074074074 0.022630208333333356 0.03046296296296294
0 0.12458333333333335 0.9763888888888889 0.06213541666666666 0.04722222222222222
0 0.5002187499999999 0.2727962962962963 0.01935416666666671 0.021509259259259277
0 0.40872395833333336 0.29348148148148145 0.019015624999999994 0.025861111111111064
0 0.41547395833333334 0.2581296296296296 0.014994791666666648 0.017759259259259214
0 0.44846874999999997 0.2745740740740741 0.017645833333333392 0.03249074074074077
0 0.46701041666666665 0.2488240740740741 0.013843749999999962 0.019462962962962946
0 0.483421875 0.23764814814814816 0.011276041666666714 0.016037037037037058
0 0.42009895833333327 0.23951851851851852 0.013968749999999967 0.014222222222222235
0 0.46020312499999994 0.23114814814814813 0.011463541666666662 0.010499999999999976
0 0.47333333333333333 0.21380555555555555 0.012932291666666628 0.0147222222222222
0 0.45718229166666663 0.2157037037037037 0.009916666666666648 0.012898148148148155
0 0.29409375000000004 0.2467037037037037 0.01466666666666671 0.020259259259259255