0 0.4108958333333333 0.6776018518518518 0.052000000000000005 0.09410185185185185
0 0.67278125 0.4758981481481482 0.03722916666666667 0.07032407407407408
0 0.4550208333333333 0.3815277777777778 0.025947916666666668 0.03779629629629629
0 0.5070833333333333 0.34794444444444445 0.024723958333333334 0.033490740740740745
0 0.6047656250000001 0.3459074074074074 0.022630208333333336 0.030462962962962963
0 0.8754166666666666 0.9763888888888889 0.062135416666666665 0.04722222222222222
0 0.49978125 0.2727962962962963 0.019354166666666665 0.02150925925925926
0 0.5912760416666667 0.29348148148148145 0.019015624999999998 0.025861111111111112
0 0.5845260416666667 0.2581296296296296 0.014994791666666667 0.01775925925925926
0 0.55153125 0.2745740740740741 0.017645833333333336 0.032490740740740744
0 0.5329895833333333 0.2488240740740741 0.013843749999999998 0.019462962962962963
0 0.516578125 0.23764814814814816 0.011276041666666665 0.016037037037037037
0 0.5799010416666667 0.23951851851851852 0.01396875 0.014222222222222221
0 0.5397968750000001 0.23114814814814813 0.011463541666666667 0.0105
0 0.5266666666666667 0.21380555555555555 0.012932291666666667 0.014722222222222223
0 0.5428177083333333 0.2157037037037037 0.009916666666666666 0.012898148148148148
0 0.70590625 0.2467037037037037 0.014666666666666666 0.020259259259259258