0 0.25701041666666663 0.9099074074074075 0.0306875 0.09204629629629629
0 0.47536458333333337 0.41035185185185186 0.03822916666666667 0.0632962962962963
0 0.5530416666666667 0.41183333333333333 0.04118229166666666 0.0625462962962963
0 0.6616041666666667 0.2835370370370371 0.028848958333333334 0.037750000000000006
0 0.8576927083333333 0.6239537037037037 0.020588541666666668 0.05901851851851852
0 0.7488802083333332 0.23007407407407407 0.033171874999999997 0.054592592592592595
0 0.678421875 0.20757407407407408 0.018307291666666666 0.02811111111111111
0 0.56709375 0.2902222222222222 0.026901041666666667 0.036000000000000004
0 0.507828125 0.27366666666666667 0.007317708333333334 0.02139814814814815
0 0.5325572916666667 0.2611296296296296 0.025526041666666666 0.04633333333333333
0 0.47986979166666666 0.29160185185185183 0.02814583333333333 0.03687037037037037
0 0.5811927083333334 0.2207222222222222 0.02071875 0.0340462962962963
0 0.5725416666666666 0.16639814814814816 0.013203125000000001 0.02275
0 0.59575 0.16278703703703704 0.012885416666666667 0.02300925925925926
0 0.6221197916666666 0.1692962962962963 0.016723958333333334 0.022157407407407407
0 0.650765625 0.14364814814814814 0.013916666666666666 0.016648148148148148
0 0.5562291666666667 0.2027962962962963 0.019192708333333332 0.027814814814814813
0 0.52146875 0.20073148148148148 0.02011458333333333 0.025277777777777777
0 0.5406979166666667 0.1808796296296296 0.013723958333333335 0.01937037037037037
0 0.5835989583333333 0.15082407407407405 0.009244791666666667 0.018157407407407407
0 0.5912708333333333 0.13393518518518518 0.010182291666666668 0.01589814814814815
0 0.6116614583333334 0.1342962962962963 0.010822916666666666 0.01675
0 0.581140625 0.12701851851851853 0.009161458333333334 0.016999999999999998