0 0.9790208333333333 0.7023518518518518 0.041953125 0.07549074074074075
0 0.9243958333333333 0.6138518518518519 0.0548125 0.06926851851851852
0 0.8280625 0.5855555555555555 0.055427083333333335 0.08057407407407408
0 0.8585833333333334 0.5135185185185185 0.04297395833333333 0.05377777777777778
0 0.824734375 0.39001851851851854 0.027364583333333335 0.03725
0 0.767328125 0.3245092592592593 0.025104166666666667 0.025564814814814815
0 0.7621197916666667 0.2882314814814815 0.017296875 0.017833333333333336
0 0.713953125 0.3119722222222222 0.0173125 0.025944444444444444
0 0.5607343749999999 0.34883333333333333 0.022072916666666668 0.02790740740740741
0 0.5555260416666666 0.2851574074074074 0.019473958333333333 0.025555555555555557
0 0.5789583333333332 0.27955555555555556 0.018598958333333335 0.021305555555555557