0 0.020979166666666653 0.7023518518518518 0.04195312500000001 0.07549074074074072
0 0.07560416666666671 0.6138518518518519 0.05481250000000001 0.06926851851851847
0 0.17193749999999994 0.5855555555555555 0.055427083333333314 0.08057407407407406
0 0.14141666666666666 0.5135185185185185 0.042973958333333326 0.05377777777777771
0 0.175265625 0.39001851851851854 0.027364583333333314 0.03725000000000002
0 0.232671875 0.3245092592592593 0.02510416666666669 0.02556481481481483
0 0.23788020833333334 0.2882314814814815 0.01729687500000002 0.017833333333333326
0 0.28604687500000003 0.3119722222222222 0.017312500000000005 0.025944444444444426
0 0.43926562500000005 0.34883333333333333 0.022072916666666723 0.027907407407407395
0 0.44447395833333336 0.2851574074074074 0.019473958333333385 0.025555555555555578
0 0.4210416666666667 0.27955555555555556 0.018598958333333353 0.021305555555555546