0 0.3566041666666667 0.2782037037037037 0.015531249999999967 0.025546296296296327
0 0.5019843749999999 0.18233333333333332 0.016427083333333314 0.01899074074074073
0 0.4853854166666667 0.15937037037037038 0.017072916666666653 0.030935185185185156
0 0.48017708333333337 0.21899074074074074 0.009260416666666653 0.01360185185185185
0 0.46271354166666673 0.21649074074074073 0.011640624999999953 0.015537037037037012
0 0.5522552083333333 0.15000925925925926 0.009749999999999896 0.011574074074074073
0 0.5305624999999999 0.15450000000000003 0.012427083333333281 0.01382407407407408
0 0.5619635416666667 0.1361111111111111 0.008333333333333333 0.012407407407407386
0 0.18762500000000001 0.26662037037037034 0.015531250000000026 0.020898148148148193
0 0.33653125000000006 0.2045925925925926 0.014114583333333286 0.018055555555555554
0 0.5446249999999999 0.1294074074074074 0.009843750000000047 0.013333333333333312