0 0.6433958333333333 0.2782037037037037 0.01553125 0.025546296296296296
0 0.498015625 0.18233333333333332 0.01642708333333333 0.018990740740740742
0 0.5146145833333333 0.15937037037037038 0.017072916666666667 0.030935185185185184
0 0.5198229166666667 0.21899074074074074 0.009260416666666667 0.013601851851851851
0 0.5372864583333333 0.21649074074074073 0.011640625 0.015537037037037038
0 0.44774479166666664 0.15000925925925926 0.00975 0.011574074074074073
0 0.4694375 0.15450000000000003 0.012427083333333333 0.013824074074074074
0 0.4380364583333333 0.1361111111111111 0.008333333333333333 0.012407407407407407
0 0.812375 0.26662037037037034 0.01553125 0.02089814814814815
0 0.6634687499999999 0.2045925925925926 0.014114583333333335 0.018055555555555554
0 0.45537500000000003 0.1294074074074074 0.00984375 0.013333333333333334