0 0.61153125 0.4580648148148148 0.03110416666666656 0.04206481481481477
0 0.538734375 0.4753425925925926 0.03294791666666672 0.04698148148148149
0 0.4558229166666667 0.5345555555555556 0.03522916666666672 0.06355555555555564
0 0.39038541666666665 0.5369444444444444 0.031729166666666704 0.06091666666666663
0 0.40390625 0.6555000000000001 0.049484375 0.06841666666666676
0 0.27281249999999996 0.6785 0.048125000000000015 0.08292592592592588
0 0.08939062500000006 0.8302314814814815 0.05744270833333334 0.10280555555555553
0 0.47791666666666666 0.4631388888888889 0.03061979166666665 0.04109259259259259
0 0.5631354166666667 0.41549074074074077 0.027890625000000096 0.038388888888888924
0 0.6046458333333333 0.42286111111111113 0.024046875000000037 0.03646296296296296
0 0.6111197916666666 0.3804814814814815 0.023593750000000094 0.036888888888888915
0 0.6668177083333333 0.3695185185185185 0.01949479166666658 0.029777777777777747
0 0.70465625 0.3693240740740741 0.017776041666666725 0.02382407407407409
0 0.7477916666666666 0.33135185185185184 0.01587500000000001 0.02196296296296299
0 0.7241458333333334 0.3291851851851852 0.015255208333333315 0.017629629629629596
0 0.69909375 0.3461666666666667 0.016395833333333342 0.021953703703703736
0 0.6839895833333334 0.3341574074074074 0.015348958333333228 0.025712962962962944
0 0.7140156249999999 0.31790740740740736 0.011552083333333248 0.01729629629629625
0 0.7509583333333333 0.3082314814814815 0.013703124999999972 0.01647222222222219
0 0.486875 0.5515277777777777 0.011666666666666714 0.03823148148148145
0 0.18859374999999995 0.8198796296296297 0.013437499999999976 0.05642592592592598
0 0.38725 0.6261759259259259 0.011958333333333352 0.037537037037037