0 0.38846875000000003 0.4580648148148148 0.031104166666666665 0.04206481481481481
0 0.461265625 0.4753425925925926 0.03294791666666667 0.046981481481481485
0 0.5441770833333333 0.5345555555555556 0.035229166666666666 0.06355555555555556
0 0.6096145833333334 0.5369444444444444 0.03172916666666667 0.060916666666666675
0 0.59609375 0.6555000000000001 0.049484375000000004 0.06841666666666667
0 0.7271875 0.6785 0.048125 0.08292592592592593
0 0.9106093749999999 0.8302314814814815 0.057442708333333335 0.10280555555555555
0 0.5220833333333333 0.4631388888888889 0.030619791666666667 0.0410925925925926
0 0.43686458333333333 0.41549074074074077 0.027890625 0.03838888888888889
0 0.3953541666666667 0.42286111111111113 0.024046875000000002 0.03646296296296297
0 0.3888802083333333 0.3804814814814815 0.02359375 0.036888888888888895
0 0.3331822916666667 0.3695185185185185 0.019494791666666667 0.029777777777777775
0 0.29534374999999996 0.3693240740740741 0.01777604166666667 0.023824074074074074
0 0.2522083333333333 0.33135185185185184 0.015875 0.021962962962962962
0 0.2758541666666667 0.3291851851851852 0.015255208333333332 0.01762962962962963
0 0.30090625 0.3461666666666667 0.016395833333333335 0.021953703703703704
0 0.3160104166666667 0.3341574074074074 0.015348958333333333 0.025712962962962962
0 0.285984375 0.31790740740740736 0.011552083333333333 0.017296296296296296
0 0.2490416666666667 0.3082314814814815 0.013703125 0.01647222222222222
0 0.513125 0.5515277777777777 0.011666666666666665 0.03823148148148148
0 0.81140625 0.8198796296296297 0.0134375 0.05642592592592592
0 0.61275 0.6261759259259259 0.011958333333333333 0.037537037037037035