0 0.034249999999999996 0.7323518518518519 0.064828125 0.1313796296296295
0 0.07489583333333331 0.4476111111111111 0.042916666666666665 0.08596296296296299
0 0.15655729166666663 0.3788148148148148 0.0441770833333333 0.07799074074074076
0 0.15574479166666666 0.26643518518518516 0.02809375000000003 0.047685185185185185
0 0.1996822916666667 0.272537037037037 0.02354687500000002 0.04507407407407403
0 0.21558333333333338 0.21075000000000002 0.019874999999999983 0.027046296296296277
0 0.21672395833333327 0.1823425925925926 0.013427083333333319 0.020240740740740754
0 0.2533177083333333 0.1965648148148148 0.006666666666666643 0.01990740740740741
0 0.22040625000000003 0.16155555555555554 0.011666666666666655 0.016194444444444452
0 0.19378124999999996 0.14652777777777778 0.012437499999999997 0.024537037037037038
0 0.1987239583333333 0.18278703703703703 0.005770833333333354 0.015768518518518546