0 0.96575 0.7323518518518519 0.064828125 0.13137962962962962
0 0.9251041666666667 0.4476111111111111 0.04291666666666667 0.08596296296296296
0 0.8434427083333333 0.3788148148148148 0.04417708333333333 0.07799074074074075
0 0.8442552083333333 0.26643518518518516 0.028093749999999997 0.047685185185185185
0 0.8003177083333333 0.272537037037037 0.023546875000000002 0.04507407407407407
0 0.7844166666666667 0.21075000000000002 0.019874999999999997 0.027046296296296297
0 0.7832760416666668 0.1823425925925926 0.013427083333333334 0.02024074074074074
0 0.7466822916666668 0.1965648148148148 0.006666666666666667 0.01990740740740741
0 0.77959375 0.16155555555555554 0.011666666666666665 0.016194444444444442
0 0.80621875 0.14652777777777778 0.012437499999999999 0.024537037037037038
0 0.8012760416666667 0.18278703703703703 0.0057708333333333335 0.01576851851851852